0.1 0
0.2 0
0.3 0
0.4 0
0.5 0
0.6 0
0.7 0
0.8 0
0.9 0.4288
1 0
1.1 0.60032
1.2 0
1.3 0.90048
1.4 0
1.5 1.41504
1.6 0
1.7 2.05824
1.8 0
1.9 3.08736
2 0
2.1 3.6448
2.2 0.98624
2.3 5.31712
2.4 1.62944
2.5 7.63264
2.6 2.3232
2.7 7.45472
2.8 2.49856
2.9 7.29088
3 2.70336
3.1 7.12704
3.2 2.8672
3.3 3.4016
3.4 4.70848
3.5 1.88416
3.6 3.85024
3.7 0.69824
3.8 0
3.9 4.54464
4 0
4.1 5.40672
4.2 0.98624
4.3 3.51616
4.4 0
4.5 5.18784
4.6 0.81472
4.7 2.52992
4.8 0
4.9 2.3584
5 0
5.1 2.44416
5.2 0
5.3 2.40128
5.4 0
5.5 2.44416
5.6 0
5.7 2.144
5.8 0.34304
5.9 1.88672
6 0.6432
6.1 1.67232
6.2 0.81472
6.3 1.62944
6.4 0.90048
6.5 1.62944
6.6 0.94336
6.7 1.62944
6.8 0.94336
6.9 1.58656
7 1.02912
7.1 1.54368
7.2 1.02912
7.3 1.41504
7.4 1.20064
7.5 1.37216
7.6 1.2864
7.7 1.2864
7.8 1.41504
7.9 1.11488
8 1.54368
8.1 1.11488
8.2 1.58656
8.3 1.02912
8.4 1.7152
8.5 1.02912
8.6 1.75808
8.7 1.02912
8.8 1.7152
8.9 0.94336
9 1.84384
9.1 0.94336
9.2 1.88672
9.3 0.8576
9.4 1.88672
9.5 0.94336
9.6 1.80096
9.7 0.98624
9.8 1.75808
9.9 1.02912
10 1.7152
10.1 1.11488
10.2 1.80096
10.3 1.11488
10.4 1.84384
10.5 1.02912
10.6 1.80096
10.7 1.11488
10.8 1.80096
10.9 1.15776
11 1.80096
11.1 1.11488
11.2 1.75808
11.3 1.2864
11.4 1.67232
11.5 1.24352
11.6 1.7152
11.7 1.24352
11.8 1.7152
11.9 1.2864
12 1.75808
12.1 1.32928
12.2 1.75808
12.3 1.2864
12.4 1.80096
12.5 1.2864
12.6 1.75808
12.7 1.37216
12.8 1.80096
12.9 1.2864
13 1.9296
13.1 1.2864
13.2 1.80096
13.3 1.32928
13.4 1.75808
13.5 1.41504
13.6 1.7152
13.7 1.5008
13.8 1.67232
13.9 1.58656
14 1.67232
14.1 1.58656
14.2 1.62944
14.3 1.62944
14.4 1.67232
14.5 1.62944
14.6 1.62944
14.7 1.7152
14.8 1.62944
14.9 1.75808
15 1.62944
15.1 1.67232
15.2 1.58656
15.3 1.7152
15.4 1.58656
15.5 1.7152
15.6 1.62944
15.7 1.7152
15.8 1.58656
15.9 1.7152
16 1.54368
16.1 1.7152
16.2 1.75808
16.3 1.62944
16.4 1.84384
16.5 1.67232
16.6 1.80096
16.7 1.67232
16.8 1.88672
16.9 1.62944
17 1.75808
17.1 1.80096
17.2 1.7152
17.3 1.75808
17.4 1.67232
17.5 1.80096
17.6 1.67232
17.7 1.7152
17.8 1.7152
17.9 1.62944
18 1.75808
18.1 1.62944
18.2 1.97248
18.3 1.7152
18.4 2.01536
18.5 1.62944
18.6 2.05824
18.7 1.62944
18.8 2.05824
18.9 1.67232
19 1.97248
19.1 1.7152
19.2 1.97248
19.3 1.75808
19.4 1.80096
19.5 1.7152
19.6 1.80096
19.7 1.7152
19.8 1.75808
19.9 1.7152
20 1.75808
20.1 1.67232
20.2 2.144
20.3 1.7152
20.4 2.10112
20.5 1.7152
20.6 2.144
20.7 1.7152
20.8 2.10112
20.9 1.80096
21 2.144
21.1 1.7152
21.2 2.10112
21.3 1.7152
21.4 1.97248
21.5 1.7152
21.6 1.88672
21.7 1.7152
21.8 1.84384
21.9 1.7152
22 1.67232
22.1 1.80096
22.2 2.18688
22.3 1.84384
22.4 2.22976
22.5 1.80096
22.6 2.144
22.7 1.88672
22.8 2.18688
22.9 1.88672
23 2.22976
23.1 1.88672
23.2 2.10112
23.3 1.80096
23.4 2.05824
23.5 1.7152
23.6 1.97248
23.7 1.75808
23.8 1.7152
23.9 1.88672
24 1.7152
24.1 1.88672
24.2 2.31552
24.3 1.84384
24.4 2.31552
24.5 1.88672
24.6 2.3584
24.7 1.88672
24.8 2.40128
24.9 1.80096
25 2.44416
25.1 1.88672
25.2 2.22976
25.3 1.84384
25.4 2.10112
25.5 1.75808
25.6 1.9296
25.7 1.84384
25.8 1.75808
25.9 1.97248
26 1.80096
26.1 1.88672
26.2 2.48704
26.3 1.88672
26.4 2.48704
26.5 1.88672
26.6 2.52992
26.7 1.88672
26.8 2.52992
26.9 1.9296
27 2.52992
27.1 1.88672
27.2 2.40128
27.3 1.75808
27.4 2.22976
27.5 1.80096
27.6 1.80096
27.7 2.18688
27.8 1.7152
27.9 2.05824
28 1.7152
28.1 1.80096
28.2 2.74432
28.3 1.84384
28.4 2.65856
28.5 1.88672
28.6 2.74432
28.7 1.88672
28.8 2.70144
28.9 1.88672
29 2.74432
29.1 1.88672
29.2 2.48704
29.3 1.84384
29.4 2.144
29.5 1.97248
29.6 1.88672
29.7 2.10112
29.8 1.75808
29.9 2.18688
30 1.7152
30.1 1.7152
30.2 3.0016
30.3 1.7152
30.4 2.95872
30.5 1.75808
30.6 3.04448
30.7 1.7152
30.8 3.0016
30.9 1.84384
31 3.0016
31.1 1.80096
31.2 2.65856
31.3 1.80096
31.4 2.01536
31.5 2.22976
31.6 1.7152
31.7 2.40128
31.8 1.67232
31.9 2.01536
32 1.9296
32.1 1.7152
32.2 3.17312
32.3 1.7152
32.4 3.08736
32.5 1.80096
32.6 3.13024
32.7 1.80096
32.8 3.17312
32.9 1.75808
33 3.216
33.1 1.75808
33.2 2.74432
33.3 1.88672
33.4 1.88672
33.5 2.44416
33.6 1.7152
33.7 2.48704
33.8 1.7152
33.9 1.84384
34 2.18688
34.1 1.67232
34.2 3.34464
34.3 1.7152
34.4 3.34464
34.5 1.75808
34.6 3.34464
34.7 1.7152
34.8 3.34464
34.9 1.80096
35 3.38752
35.1 1.67232
35.2 2.61568
35.3 2.144
35.4 1.80096
35.5 2.70144
35.6 1.75808
35.7 2.48704
35.8 1.75808
35.9 1.7152
36 2.44416
36.1 1.62944
36.2 3.55904
36.3 1.67232
36.4 3.51616
36.5 1.75808
36.6 3.51616
36.7 1.7152
36.8 3.55904
36.9 1.75808
37 3.4304
37.1 1.9296
37.2 2.31552
37.3 2.5728
37.4 1.67232
37.5 2.87296
37.6 1.75808
37.7 2.31552
37.8 2.05824
37.9 1.62944
38 2.61568
38.1 1.54368
38.2 3.55904
38.3 1.84384
38.4 3.4304
38.5 2.01536
38.6 3.30176
38.7 2.18688
38.8 3.13024
38.9 2.31552
39 3.0016
39.1 2.48704
39.2 2.144
39.3 2.95872
39.4 1.58656
39.5 3.13024
39.6 1.62944
39.7 2.18688
39.8 2.3584
39.9 1.67232
40 2.48704
40.1 1.80096
40.2 3.04448
40.3 2.5728
40.4 2.87296
40.5 2.7872
40.6 2.70144
40.7 2.91584
40.8 2.61568
40.9 3.04448
41 2.48704
41.1 3.216
41.2 1.84384
41.3 3.30176
41.4 1.7152
41.5 3.08736
41.6 1.75808
41.7 1.97248
41.8 2.65856
41.9 1.62944
42 2.31552
42.1 2.22976
42.2 2.48704
42.3 3.17312
42.4 2.40128
42.5 3.38752
42.6 2.27264
42.7 3.55904
42.8 2.10112
42.9 3.6448
43 2.05824
43.1 3.73056
43.2 1.75808
43.3 3.73056
43.4 1.54368
43.5 3.04448
43.6 1.88672
43.7 1.88672
43.8 2.91584
43.9 1.54368
44 2.27264
44.1 2.52992
44.2 2.01536
44.3 3.94496
44.4 1.80096
44.5 4.11648
44.6 1.67232
44.7 4.24512
44.8 1.58656
44.9 4.37376
45 1.45792
45.1 4.54528
45.2 1.37216
45.3 3.98784
45.4 1.54368
45.5 2.87296
45.6 2.31552
45.7 1.54368
45.8 3.13024
45.9 1.62944
46 2.10112
46.1 2.91584
46.2 1.54368
46.3 4.54528
46.4 1.37216
46.5 4.75968
46.6 1.32928
46.7 4.75968
46.8 1.2864
46.9 4.7168
47 1.37216
47.1 4.75968
47.2 1.32928
47.3 4.03072
47.4 1.67232
47.5 2.65856
47.6 2.70144
47.7 1.37216
47.8 3.216
47.9 1.84384
48 1.7152
48.1 3.38752
48.2 1.5008
48.3 4.67392
48.4 1.45792
48.5 4.80256
48.6 1.45792
48.7 4.84544
48.8 1.41504
48.9 4.80256
49 1.41504
49.1 4.80256
49.2 1.41504
49.3 4.03072
49.4 1.80096
49.5 2.48704
49.6 2.83008
49.7 1.5008
49.8 3.25888
49.9 1.97248
50 1.62944
50.1 3.60192
50.2 1.45792
50.3 4.88832
50.4 1.45792
50.5 4.9312
50.6 1.45792
50.7 4.97408
50.8 1.37216
50.9 5.10272
51 1.37216
51.1 5.05984
51.2 1.37216
51.3 3.77344
51.4 2.18688
51.5 2.31552
51.6 3.0016
51.7 1.54368
51.8 3.17312
51.9 2.31552
52 1.45792
52.1 3.6448
52.2 1.80096
52.3 4.7168
52.4 1.80096
52.5 4.67392
52.6 1.80096
52.7 4.80256
52.8 1.80096
52.9 4.80256
53 1.84384
53.1 4.7168
53.2 1.80096
53.3 3.60192
53.4 2.31552
53.5 2.18688
53.6 3.17312
53.7 1.80096
53.8 2.91584
53.9 2.48704
54 1.62944
54.1 3.68768
54.2 1.80096
54.3 4.9312
54.4 1.7152
54.5 4.97408
54.6 1.7152
54.7 4.9312
54.8 1.80096
54.9 4.84544
55 1.88672
55.1 4.88832
55.2 1.80096
55.3 3.60192
55.4 2.5728
55.5 1.97248
55.6 3.34464
55.7 1.84384
55.8 2.83008
55.9 2.91584
56 1.45792
56.1 3.6448
56.2 2.18688
56.3 4.67392
56.4 2.144
56.5 4.63104
56.6 2.22976
56.7 4.58816
56.8 2.31552
56.9 4.58816
57 2.3584
57.1 4.5024
57.2 2.27264
57.3 3.216
57.4 2.87296
57.5 1.62944
57.6 3.60192
57.7 2.31552
57.8 2.10112
57.9 3.55904
58 1.7152
58.1 2.7872
58.2 2.87296
58.3 4.0736
58.4 3.0016
58.5 4.03072
58.6 2.91584
58.7 4.03072
58.8 3.04448
58.9 3.98784
59 3.13024
59.1 3.98784
59.2 2.91584
59.3 2.5728
59.4 3.17312
59.5 2.05824
59.6 3.17312
59.7 2.7872
59.8 1.54368
59.9 3.94496
60 2.22976
60.1 1.88672
60.2 3.77344
60.3 3.34464
60.4 3.81632
60.5 3.34464
60.6 3.8592
60.7 3.30176
60.8 3.94496
60.9 3.25888
61 4.03072
61.1 3.25888
61.2 3.38752
61.3 2.48704
61.4 2.95872
61.5 2.52992
61.6 2.87296
61.7 2.74432
61.8 2.22976
61.9 3.4304
62 2.61568
62.1 1.84384
62.2 3.6448
62.3 3.73056
62.4 3.6448
62.5 3.68768
62.6 3.6448
62.7 3.68768
62.8 3.77344
62.9 3.6448
63 3.8592
63.1 3.60192
63.2 3.216
63.3 2.65856
63.4 2.91584
63.5 2.65856
63.6 3.216
63.7 2.44416
63.8 2.31552
63.9 3.51616
64 2.65856
64.1 1.9296
64.2 3.60192
64.3 3.94496
64.4 3.60192
64.5 3.94496
64.6 3.55904
64.7 4.03072
64.8 3.60192
64.9 3.94496
65 3.73056
65.1 3.90208
65.2 3.25888
65.3 2.61568
65.4 3.08736
65.5 2.48704
65.6 3.17312
65.7 2.83008
65.8 2.10112
65.9 3.81632
66 2.65856
66.1 1.75808
66.2 4.03072
66.3 3.60192
66.4 4.11648
66.5 3.55904
66.6 4.11648
66.7 3.60192
66.8 4.11648
66.9 3.55904
67 4.15936
67.1 3.55904
67.2 3.34464
67.3 2.65856
67.4 3.13024
67.5 2.87296
67.6 2.95872
67.7 2.7872
67.8 2.40128
67.9 3.77344
68 2.61568
68.1 1.80096
68.2 4.20224
68.3 3.51616
68.4 4.288
68.5 3.55904
68.6 4.24512
68.7 3.6448
68.8 4.20224
68.9 3.68768
69 4.11648
69.1 3.81632
69.2 3.13024
69.3 2.48704
69.4 3.38752
69.5 3.0016
69.6 2.70144
69.7 2.95872
69.8 2.65856
69.9 3.38752
70 2.74432
70.1 2.144
70.2 4.03072
70.3 3.94496
70.4 3.98784
70.5 3.98784
70.6 3.90208
70.7 4.03072
70.8 3.8592
70.9 4.11648
71 3.77344
71.1 4.24512
71.2 2.87296
71.3 2.65856
71.4 3.4304
71.5 3.0016
71.6 2.87296
71.7 2.91584
71.8 3.17312
71.9 3.04448
72 2.83008
72.1 2.65856
72.2 3.55904
72.3 4.5024
72.4 3.47328
72.5 4.54528
72.6 3.51616
72.7 4.63104
72.8 3.4304
72.9 4.63104
73 3.4304
73.1 4.75968
73.2 2.61568
73.3 2.7872
73.4 3.34464
73.5 3.08736
73.6 2.91584
73.7 3.0016
73.8 2.91584
73.9 3.38752
74 2.74432
74.1 2.40128
74.2 4.03072
74.3 4.20224
74.4 3.94496
74.5 4.33088
74.6 3.8592
74.7 4.33088
74.8 3.81632
74.9 4.37376
75 3.77344
75.1 4.5024
75.2 2.91584
75.3 2.65856
75.4 3.51616
75.5 3.17312
75.6 2.83008
75.7 3.13024
75.8 3.17312
75.9 3.13024
76 2.87296
76.1 2.65856
76.2 3.73056
76.3 4.58816
76.4 3.6448
76.5 4.7168
76.6 3.51616
76.7 4.88832
76.8 3.47328
76.9 4.84544
77 3.51616
77.1 4.84544
77.2 2.70144
77.3 2.7872
77.4 3.51616
77.5 3.216
77.6 2.83008
77.7 3.25888
77.8 3.34464
77.9 2.95872
78 2.95872
78.1 3.0016
78.2 3.60192
78.3 4.84544
78.4 3.55904
78.5 4.80256
78.6 3.6448
78.7 4.7168
78.8 3.68768
78.9 4.67392
79 3.81632
79.1 4.54528
79.2 3.08736
79.3 2.7872
79.4 3.60192
79.5 3.25888
79.6 2.74432
79.7 3.55904
79.8 3.4304
79.9 2.5728
80 3.25888
80.1 3.08736
80.2 3.13024
80.3 5.01696
80.4 3.55904
80.5 4.9312
80.6 3.6448
80.7 4.84544
80.8 3.77344
80.9 4.75968
81 3.81632
81.1 4.67392
81.2 3.08736
81.3 3.30176
81.4 3.6448
81.5 2.91584
81.6 2.91584
81.7 3.34464
81.8 3.73056
81.9 2.83008
82 2.87296
82.1 3.98784
82.2 3.13024
82.3 3.8592
82.4 4.88832
82.5 3.73056
82.6 4.88832
82.7 3.73056
82.8 4.97408
82.9 3.6448
83 5.18848
83.1 3.47328
83.2 3.8592
83.3 2.91584
83.4 3.77344
83.5 3.34464
83.6 2.144
83.7 4.41664
83.8 3.47328
83.9 1.80096
84 3.94496
84.1 0
84.2 0
84.3 9.13344
84.4 0
84.5 0
84.6 5.11488
84.7 2.05824
84.8 0.51456
84.9 1.5008
85 0.60032
85.1 1.5008
85.2 0.68608
85.3 0.90048
85.4 1.24352
85.5 0.6432
85.6 1.54368
85.7 0.4288
85.8 1.80096
85.9 0.34304
86 1.9296
86.1 0.2144
86.2 2.01536
86.3 0.17152
86.4 2.10112
86.5 0.17152
86.6 2.144
86.7 0.12864
86.8 2.22976
86.9 0.08576
87 2.22976
87.1 0.04288
87.2 2.27264
87.3 0
87.4 2.18688
87.5 0.17152
87.6 2.05824
87.7 0.34304
87.8 1.9296
87.9 0.51456
88 1.80096
88.1 0.60032
88.2 1.84384
88.3 0.60032
88.4 1.80096
88.5 0.68608
88.6 1.75808
88.7 0.77184
88.8 1.7152
88.9 0.77184
89 1.75808
89.1 0.77184
89.2 1.58656
89.3 0.98624
89.4 1.5008
89.5 1.11488
89.6 1.37216
89.7 1.20064
89.8 1.32928
89.9 1.24352
90 1.32928
90.1 1.2864
90.2 1.2864
90.3 1.37216
90.4 1.32928
90.5 1.37216
90.6 1.2864
90.7 1.37216
90.8 1.20064
90.9 1.5008
91 1.20064
91.1 1.54368
91.2 1.11488
91.3 1.67232
91.4 1.02912
91.5 1.7152
91.6 0.98624
91.7 1.80096
91.8 0.94336
91.9 1.75808
92 0.98624
92.1 1.80096
92.2 1.072
92.3 1.7152
92.4 1.11488
92.5 1.7152
92.6 1.072
92.7 1.75808
92.8 1.15776
92.9 1.7152
93 1.15776
93.1 1.80096
93.2 1.11488
93.3 1.7152
93.4 1.11488
93.5 1.75808
93.6 1.20064
93.7 1.7152
93.8 1.20064
93.9 1.75808
94 1.20064
94.1 1.7152
94.2 1.2864
94.3 1.7152
94.4 1.32928
94.5 1.62944
94.6 1.37216
94.7 1.7152
94.8 1.41504
94.9 1.7152
95 1.32928
95.1 1.67232
95.2 1.37216
95.3 1.7152
95.4 1.37216
95.5 1.7152
95.6 1.41504
95.7 1.7152
95.8 1.45792
95.9 1.67232
96 1.45792
96.1 1.67232
96.2 1.5008
96.3 1.75808
96.4 1.45792
96.5 1.80096
96.6 1.5008
96.7 1.7152
96.8 1.45792
96.9 1.80096
97 1.5008
97.1 1.75808
97.2 1.58656
97.3 1.7152
97.4 1.62944
97.5 1.67232
97.6 1.7152
97.7 1.54368
97.8 1.62944
97.9 1.58656
98 1.7152
98.1 1.54368
98.2 1.84384
98.3 1.58656
98.4 1.84384
98.5 1.58656
98.6 1.80096
98.7 1.58656
98.8 1.80096
98.9 1.67232
99 1.80096
99.1 1.62944
99.2 1.80096
99.3 1.67232
99.4 1.7152
99.5 1.7152
99.6 1.7152
99.7 1.62944
99.8 1.7152
99.9 1.58656
100 1.80096
100.1 1.62944
100.2 1.9296
100.3 1.62944
100.4 1.97248
100.5 1.62944
100.6 2.01536
100.7 1.62944
100.8 1.97248
100.9 1.62944
101 2.05824
101.1 1.67232
101.2 1.88672
101.3 1.7152
101.4 1.80096
101.5 1.75808
101.6 1.7152
101.7 1.7152
101.8 1.80096
101.9 1.75808
102 1.62944
102.1 1.7152
102.2 2.05824
102.3 1.7152
102.4 2.10112
102.5 1.62944
102.6 2.144
102.7 1.7152
102.8 2.144
102.9 1.75808
103 2.144
103.1 1.62944
103.2 2.05824
103.3 1.7152
103.4 1.9296
103.5 1.7152
103.6 1.88672
103.7 1.7152
103.8 1.80096
103.9 1.75808
104 1.62944
104.1 1.80096
104.2 2.144
104.3 1.80096
104.4 2.10112
104.5 1.88672
104.6 2.144
104.7 1.80096
104.8 2.18688
104.9 1.88672
105 2.144
105.1 1.88672
105.2 2.05824
105.3 1.75808
105.4 2.01536
105.5 1.75808
105.6 1.97248
105.7 1.7152
105.8 1.75808
105.9 1.88672
106 1.67232
106.1 1.84384
106.2 2.22976
106.3 1.88672
106.4 2.27264
106.5 1.88672
106.6 2.31552
106.7 1.88672
106.8 2.27264
106.9 1.88672
107 2.31552
107.1 1.88672
107.2 2.18688
107.3 1.88672
107.4 2.05824
107.5 1.7152
107.6 1.97248
107.7 1.80096
107.8 1.75808
107.9 1.97248
108 1.7152
108.1 1.88672
108.2 2.44416
108.3 1.84384
108.4 2.48704
108.5 1.84384
108.6 2.52992
108.7 1.88672
108.8 2.48704
108.9 1.80096
109 2.5728
109.1 1.84384
109.2 2.40128
109.3 1.75808
109.4 2.18688
109.5 1.75808
109.6 1.84384
109.7 2.10112
109.8 1.7152
109.9 2.05824
110 1.67232
110.1 1.84384
110.2 2.70144
110.3 1.80096
110.4 2.7872
110.5 1.80096
110.6 2.65856
110.7 1.80096
110.8 2.74432
110.9 1.80096
111 2.70144
111.1 1.88672
111.2 2.48704
111.3 1.80096
111.4 2.22976
111.5 1.9296
111.6 1.80096
111.7 2.144
111.8 1.7152
111.9 2.144
112 1.67232
112.1 1.75808
112.2 2.95872
112.3 1.7152
112.4 2.91584
112.5 1.84384
112.6 2.91584
112.7 1.7152
112.8 3.0016
112.9 1.7152
113 2.95872
113.1 1.80096
113.2 2.74432
113.3 1.7152
113.4 2.01536
113.5 2.18688
113.6 1.84384
113.7 2.22976
113.8 1.7152
113.9 2.01536
114 1.84384
114.1 1.7152
114.2 3.13024
114.3 1.7152
114.4 3.13024
114.5 1.75808
114.6 3.13024
114.7 1.7152
114.8 3.17312
114.9 1.7152
115 3.13024
115.1 1.7152
115.2 2.7872
115.3 1.84384
115.4 1.88672
115.5 2.48704
115.6 1.75808
115.7 2.40128
115.8 1.7152
115.9 1.80096
116 2.10112
116.1 1.75808
116.2 3.216
116.3 1.7152
116.4 3.34464
116.5 1.7152
116.6 3.38752
116.7 1.67232
116.8 3.30176
116.9 1.7152
117 3.34464
117.1 1.75808
117.2 2.61568
117.3 2.10112
117.4 1.75808
117.5 2.70144
117.6 1.7152
117.7 2.44416
117.8 1.80096
117.9 1.7152
118 2.31552
118.1 1.7152
118.2 3.47328
118.3 1.62944
118.4 3.51616
118.5 1.7152
118.6 3.55904
118.7 1.67232
118.8 3.55904
118.9 1.62944
119 3.51616
119.1 1.75808
119.2 2.40128
119.3 2.48704
119.4 1.62944
119.5 2.91584
119.6 1.67232
119.7 2.3584
119.8 2.01536
119.9 1.62944
120 2.48704
120.1 1.7152
120.2 3.6448
120.3 1.62944
120.4 3.55904
120.5 1.84384
120.6 3.4304
120.7 2.01536
120.8 3.25888
120.9 2.05824
121 3.216
121.1 2.22976
121.2 2.22976
121.3 2.83008
121.4 1.62944
121.5 3.04448
121.6 1.62944
121.7 2.22976
121.8 2.22976
121.9 1.67232
122 2.48704
122.1 1.80096
122.2 3.13024
122.3 2.44416
122.4 2.95872
122.5 2.5728
122.6 2.87296
122.7 2.70144
122.8 2.70144
122.9 2.91584
123 2.5728
123.1 3.0016
123.2 1.97248
123.3 3.30176
123.4 1.58656
123.5 3.17312
123.6 1.67232
123.7 1.97248
123.8 2.61568
123.9 1.58656
124 2.40128
124.1 2.10112
124.2 2.65856
124.3 3.08736
124.4 2.48704
124.5 3.30176
124.6 2.31552
124.7 3.4304
124.8 2.144
124.9 3.51616
125 2.10112
125.1 3.68768
125.2 1.7152
125.3 3.60192
125.4 1.54368
125.5 3.08736
125.6 1.9296
125.7 1.80096
125.8 2.91584
125.9 1.54368
126 2.27264
126.1 2.44416
126.2 2.144
126.3 3.73056
126.4 2.01536
126.5 3.8592
126.6 1.88672
126.7 3.98784
126.8 1.80096
126.9 4.15936
127 1.58656
127.1 4.33088
127.2 1.41504
127.3 3.94496
127.4 1.45792
127.5 3.0016
127.6 2.22976
127.7 1.62944
127.8 3.0016
127.9 1.62944
128 2.22976
128.1 2.87296
128.2 1.5008
128.3 4.5024
128.4 1.37216
128.5 4.54528
128.6 1.37216
128.7 4.67392
128.8 1.37216
128.9 4.7168
129 1.37216
129.1 4.75968
129.2 1.2864
129.3 3.94496
129.4 1.7152
129.5 2.74432
129.6 2.48704
129.7 1.5008
129.8 3.216
129.9 1.75808
130 1.88672
130.1 3.17312
130.2 1.54368
130.3 4.63104
130.4 1.58656
130.5 4.54528
130.6 1.62944
130.7 4.54528
130.8 1.58656
130.9 4.63104
131 1.62944
131.1 4.63104
131.2 1.45792
131.3 3.98784
131.4 1.7152
131.5 2.5728
131.6 2.74432
131.7 1.54368
131.8 3.13024
131.9 1.9296
132 1.75808
132.1 3.51616
132.2 1.37216
132.3 4.88832
132.4 1.45792
132.5 4.9312
132.6 1.37216
132.7 4.97408
132.8 1.37216
132.9 4.88832
133 1.5008
133.1 4.88832
133.2 1.45792
133.3 3.94496
133.4 2.01536
133.5 2.40128
133.6 2.91584
133.7 1.54368
133.8 3.17312
133.9 2.144
134 1.54368
134.1 3.68768
134.2 1.58656
134.3 4.84544
134.4 1.67232
134.5 4.80256
134.6 1.7152
134.7 4.80256
134.8 1.67232
134.9 4.80256
135 1.7152
135.1 4.84544
135.2 1.7152
135.3 3.68768
135.4 2.31552
135.5 2.18688
135.6 3.04448
135.7 1.84384
135.8 2.95872
135.9 2.3584
136 1.58656
136.1 3.73056
136.2 1.7152
136.3 4.84544
136.4 1.80096
136.5 4.88832
136.6 1.80096
136.7 4.84544
136.8 1.80096
136.9 4.88832
137 1.80096
137.1 4.80256
137.2 1.84384
137.3 3.55904
137.4 2.44416
137.5 2.144
137.6 3.25888
137.7 1.84384
137.8 2.87296
137.9 2.70144
138 1.62944
138.1 3.68768
138.2 1.88672
138.3 4.84544
138.4 1.97248
138.5 4.80256
138.6 2.01536
138.7 4.75968
138.8 2.10112
138.9 4.7168
139 2.144
139.1 4.67392
139.2 2.01536
139.3 3.38752
139.4 2.74432
139.5 1.80096
139.6 3.51616
139.7 2.10112
139.8 2.40128
139.9 3.34464
140 1.54368
140.1 3.17312
140.2 2.5728
140.3 4.37376
140.4 2.61568
140.5 4.288
140.6 2.74432
140.7 4.20224
140.8 2.87296
140.9 4.0736
141 2.95872
141.1 4.03072
141.2 2.74432
141.3 2.7872
141.4 3.17312
141.5 1.80096
141.6 3.34464
141.7 2.65856
141.8 1.58656
141.9 3.8592
142 2.05824
142.1 2.22976
142.2 3.51616
142.3 3.55904
142.4 3.60192
142.5 3.51616
142.6 3.68768
142.7 3.4304
142.8 3.77344
142.9 3.30176
143 3.8592
143.1 3.30176
143.2 3.4304
143.3 2.5728
143.4 2.83008
143.5 2.48704
143.6 2.70144
143.7 2.95872
143.8 2.18688
143.9 3.25888
144 2.74432
144.1 1.7152
144.2 3.77344
144.3 3.55904
144.4 3.6448
144.5 3.6448
144.6 3.60192
144.7 3.68768
144.8 3.73056
144.9 3.68768
145 3.6448
145.1 3.73056
145.2 3.216
145.3 2.65856
145.4 2.91584
145.5 2.48704
145.6 3.216
145.7 2.65856
145.8 2.144
145.9 3.38752
146 2.87296
146.1 1.80096
146.2 3.51616
146.3 3.90208
146.4 3.60192
146.5 3.94496
146.6 3.51616
146.7 3.94496
146.8 3.6448
146.9 3.8592
147 3.60192
147.1 3.90208
147.2 3.34464
147.3 2.65856
147.4 3.04448
147.5 2.44416
147.6 3.30176
147.7 2.74432
147.8 2.05824
147.9 3.8592
148 2.5728
148.1 1.84384
148.2 3.90208
148.3 3.68768
148.4 3.98784
148.5 3.68768
148.6 3.94496
148.7 3.68768
148.8 4.03072
148.9 3.60192
149 4.0736
149.1 3.60192
149.2 3.51616
149.3 2.44416
149.4 3.216
149.5 2.70144
149.6 2.91584
149.7 2.91584
149.8 2.3584
149.9 3.6448
150 2.65856
150.1 1.88672
150.2 4.20224
150.3 3.51616
150.4 4.24512
150.5 3.60192
150.6 4.11648
150.7 3.68768
150.8 4.03072
150.9 3.77344
151 3.98784
151.1 3.8592
151.2 3.0016
151.3 2.70144
151.4 3.13024
151.5 3.08736
151.6 2.87296
151.7 2.70144
151.8 2.95872
151.9 3.4304
152 2.48704
152.1 2.40128
152.2 3.68768
152.3 4.20224
152.4 3.68768
152.5 4.24512
152.6 3.6448
152.7 4.33088
152.8 3.60192
152.9 4.288
153 3.60192
153.1 4.37376
153.2 2.91584
153.3 2.74432
153.4 3.25888
153.5 2.83008
153.6 2.91584
153.7 3.04448
153.8 2.48704
153.9 3.51616
154 2.87296
154.1 1.88672
154.2 4.33088
154.3 3.73056
154.4 4.20224
154.5 3.90208
154.6 4.11648
154.7 3.94496
154.8 4.03072
154.9 4.03072
155 4.03072
155.1 4.03072
155.2 3.0016
155.3 2.70144
155.4 3.34464
155.5 3.17312
155.6 2.83008
155.7 2.91584
155.8 3.47328
155.9 2.95872
156 2.74432
156.1 2.7872
156.2 3.55904
156.3 4.58816
156.4 3.51616
156.5 4.67392
156.6 3.4304
156.7 4.7168
156.8 3.4304
156.9 4.80256
157 3.30176
157.1 4.84544
157.2 2.65856
157.3 2.70144
157.4 3.51616
157.5 3.08736
157.6 2.83008
157.7 3.17312
157.8 2.7872
157.9 3.47328
158 2.7872
158.1 2.48704
158.2 3.98784
158.3 4.33088
158.4 3.94496
158.5 4.33088
158.6 3.94496
158.7 4.37376
158.8 3.8592
158.9 4.45952
159 3.8592
159.1 4.5024
159.2 2.83008
159.3 2.83008
159.4 3.51616
159.5 3.25888
159.6 2.83008
159.7 3.13024
159.8 3.4304
159.9 2.95872
160 2.95872
160.1 2.83008
160.2 3.60192
160.3 4.80256
160.4 3.55904
160.5 4.84544
160.6 3.60192
160.7 4.7168
160.8 3.6448
160.9 4.67392
161 3.77344
161.1 4.54528
161.2 3.04448
161.3 2.70144
161.4 3.68768
161.5 3.25888
161.6 2.70144
161.7 3.4304
161.8 3.25888
161.9 3.04448
162 3.04448
162.1 2.83008
162.2 3.51616
162.3 5.01696
162.4 3.55904
162.5 4.88832
162.6 3.6448
162.7 4.80256
162.8 3.6448
162.9 4.84544
163 3.73056
163.1 4.7168
163.2 3.04448
163.3 3.04448
163.4 3.51616
163.5 3.30176
163.6 2.7872
163.7 3.4304
163.8 3.6448
163.9 2.83008
164 2.91584
164.1 3.51616
164.2 3.17312
164.3 4.5024
164.4 4.11648
164.5 4.45952
164.6 4.20224
164.7 4.33088
164.8 4.37376
164.9 4.24512
165 4.5024
165.1 4.11648
165.2 3.47328
165.3 3.04448
165.4 4.03072
165.5 2.87296
165.6 2.48704
165.7 3.90208
165.8 3.77344
165.9 2.27264
166 3.73056
166.1 3.34464
166.2 2.70144
166.3 4.97408
166.4 3.81632
166.5 4.88832
166.6 3.90208
166.7 4.80256
166.8 4.03072
166.9 4.7168
167 4.11648
167.1 4.67392
167.2 3.25888
167.3 3.4304
167.4 3.94496
167.5 2.65856
167.6 3.25888
167.7 3.4304
167.8 3.47328
167.9 3.08736
168 2.95872
168.1 3.94496
168.2 3.60192
168.3 3.77344
168.4 5.1456
168.5 3.73056
168.6 5.18848
168.7 3.68768
168.8 5.23136
168.9 3.60192
169 5.44576
169.1 3.47328
169.2 3.98784
169.3 2.91584
169.4 3.77344
169.5 3.47328
169.6 2.22976
169.7 4.33088
169.8 0.81472
169.9 0
170 0
170.1 8.87616
170.2 0
170.3 5.55456
170.4 0
170.5 4.5024
170.6 0
170.7 4.5024
170.8 0
170.9 4.54528
171 0
171.1 4.58816
171.2 0
171.3 4.33088
171.4 0.2144
171.5 2.5728
171.6 2.01536
171.7 1.2864
171.8 3.0016
171.9 0.4288
172 2.5728
172.1 2.01536
172.2 2.5728
172.3 2.05824
172.4 2.5728
172.5 2.05824
172.6 2.61568
172.7 2.05824
172.8 2.5728
172.9 2.144
173 2.48704
173.1 2.27264
173.2 1.97248
173.3 2.40128
173.4 1.2864
173.5 2.5728
173.6 1.20064
173.7 2.52992
173.8 2.05824
173.9 1.54368
174 2.05824
174.1 1.37216
174.2 3.4304
174.3 1.41504
174.4 3.34464
174.5 1.45792
174.6 3.34464
174.7 1.45792
174.8 3.38752
174.9 1.45792
175 3.34464
175.1 1.54368
175.2 2.70144
175.3 2.144
175.4 1.54368
175.5 2.61568
175.6 1.41504
175.7 2.5728
175.8 1.75808
175.9 1.7152
176 2.144
176.1 1.54368
176.2 3.4304
176.3 1.54368
176.4 3.38752
176.5 1.54368
176.6 3.4304
176.7 1.54368
176.8 3.47328
176.9 1.54368
177 3.4304
177.1 1.54368
177.2 2.65856
177.3 2.18688
177.4 1.7152
177.5 2.74432
177.6 1.54368
177.7 2.48704
177.8 1.67232
177.9 1.80096
178 2.31552
178.1 1.62944
178.2 3.51616
178.3 1.62944
178.4 3.47328
178.5 1.62944
178.6 3.51616
178.7 1.62944
178.8 3.55904
178.9 1.62944
179 3.51616
179.1 1.62944
179.2 2.44416
179.3 2.40128
179.4 1.7152
179.5 2.91584
179.6 1.58656
179.7 2.3584
179.8 1.9296
179.9 1.7152
180 2.48704
180.1 1.62944
180.2 3.60192
180.3 1.75808
180.4 3.60192
180.5 1.62944
180.6 3.55904
180.7 1.75808
180.8 3.47328
180.9 1.88672
181 3.30176
181.1 2.01536
181.2 2.31552
181.3 2.70144
181.4 1.7152
181.5 2.91584
181.6 1.62944
181.7 2.31552
181.8 2.18688
181.9 1.62944
182 2.52992
182.1 1.67232
182.2 3.34464
182.3 2.18688
182.4 3.13024
182.5 2.27264
182.6 3.08736
182.7 2.44416
182.8 2.95872
182.9 2.5728
183 2.7872
183.1 2.7872
183.2 2.05824
183.3 3.08736
183.4 1.62944
183.5 3.216
183.6 1.54368
183.7 2.144
183.8 2.48704
183.9 1.54368
184 2.48704
184.1 2.01536
184.2 2.83008
184.3 2.83008
184.4 2.70144
184.5 3.0016
184.6 2.52992
184.7 3.17312
184.8 2.40128
184.9 3.30176
185 2.27264
185.1 3.51616
185.2 1.7152
185.3 3.51616
185.4 1.54368
185.5 3.17312
185.6 1.7152
185.7 1.97248
185.8 2.7872
185.9 1.54368
186 2.40128
186.1 2.22976
186.2 2.3584
186.3 3.38752
186.4 2.31552
186.5 3.55904
186.6 2.144
186.7 3.68768
186.8 2.01536
186.9 3.8592
187 1.84384
187.1 4.0736
187.2 1.54368
187.3 3.81632
187.4 1.5008
187.5 3.04448
187.6 2.05824
187.7 1.75808
187.8 2.95872
187.9 1.54368
188 2.22976
188.1 2.70144
188.2 1.84384
188.3 4.15936
188.4 1.62944
188.5 4.37376
188.6 1.45792
188.7 4.5024
188.8 1.37216
188.9 4.63104
189 1.37216
189.1 4.63104
189.2 1.32928
189.3 4.03072
189.4 1.54368
189.5 2.83008
189.6 2.40128
189.7 1.54368
189.8 3.216
189.9 1.80096
190 1.88672
190.1 3.08736
190.2 1.37216
190.3 4.63104
190.4 1.5008
190.5 4.63104
190.6 1.45792
190.7 4.7168
190.8 1.45792
190.9 4.7168
191 1.5008
191.1 4.63104
191.2 1.37216
191.3 4.0736
191.4 1.67232
191.5 2.70144
191.6 2.5728
191.7 1.54368
191.8 3.17312
191.9 1.88672
192 1.80096
192.1 3.47328
192.2 1.37216
192.3 4.88832
192.4 1.37216
192.5 4.88832
192.6 1.37216
192.7 4.84544
192.8 1.37216
192.9 4.9312
193 1.41504
193.1 4.9312
193.2 1.37216
193.3 3.98784
193.4 1.88672
193.5 2.52992
193.6 2.83008
193.7 1.5008
193.8 3.17312
193.9 2.144
194 1.54368
194.1 3.60192
194.2 1.62944
194.3 4.84544
194.4 1.58656
194.5 4.84544
194.6 1.5008
194.7 4.84544
194.8 1.58656
194.9 4.84544
195 1.67232
195.1 4.80256
195.2 1.7152
195.3 3.81632
195.4 2.144
195.5 2.31552
195.6 2.95872
195.7 1.67232
195.8 3.17312
195.9 2.27264
196 1.54368
196.1 3.77344
196.2 1.62944
196.3 4.88832
196.4 1.75808
196.5 4.88832
196.6 1.7152
196.7 4.88832
196.8 1.67232
196.9 4.88832
197 1.7152
197.1 4.97408
197.2 1.67232
197.3 3.6448
197.4 2.44416
197.5 2.144
197.6 3.17312
197.7 1.80096
197.8 2.91584
197.9 2.5728
198 1.58656
198.1 3.68768
198.2 1.88672
198.3 4.80256
198.4 1.97248
198.5 4.84544
198.6 1.88672
198.7 4.80256
198.8 1.97248
198.9 4.84544
199 1.97248
199.1 4.80256
199.2 1.9296
199.3 3.51616
199.4 2.61568
199.5 1.88672
199.6 3.47328
199.7 1.97248
199.8 2.5728
199.9 3.0016
