0.700278 5360
0.901867 5896
0.902811 6968
0.903755 8040
0.904699 9112
0.905643 10184
1.10341 11256
1.10436 12328
1.1053 13400
1.10624 14472
1.10719 15544
1.10813 16616
1.10908 17688
1.11002 18760
1.11096 19832
1.30516 20904
1.30695 21976
1.30873 23048
1.31052 24120
1.31231 25192
1.3141 26264
1.31588 27336
1.31767 28408
1.31946 29480
1.3204 30552
1.32219 31624
1.32398 32696
1.32576 33768
1.32755 34840
1.32934 35912
1.33112 36984
1.33291 38056
1.3347 39128
1.50689 40200
1.50868 41272
1.51046 42344
1.51225 43416
1.51404 44488
1.51582 45560
1.51761 46632
1.5194 47704
1.52119 48776
1.52213 49848
1.52392 50920
1.5257 51992
1.52749 53064
1.52928 54136
1.53107 55208
1.53285 56280
1.53464 57352
1.53643 58424
1.53821 59496
1.54 60568
1.54179 61640
1.54358 62712
1.54452 63784
1.54631 64856
1.54809 65928
1.54988 67000
1.55167 68072
1.55346 69144
1.55524 70216
1.55703 71288
1.55882 72360
1.5606 73432
1.56239 74504
1.56418 75576
1.56512 76648
1.56691 77720
1.70862 78792
1.7104 79864
1.71219 80936
1.71398 82008
1.71576 83080
1.71755 84152
1.71934 85224
1.72113 86296
1.72291 87368
1.72386 88440
1.72564 89512
1.72743 90584
1.72922 91656
1.73101 92728
1.73279 93800
1.73458 94872
1.73637 95944
1.73816 97016
1.73994 98088
1.74173 99160
1.74352 100232
1.7453 101304
1.74625 102376
1.74804 103448
1.74982 104520
1.75161 105592
1.7534 106664
1.75518 107736
1.75697 108808
1.75876 109880
1.76055 110952
1.76233 112024
1.76412 113096
1.76591 114168
1.76685 115240
1.76864 116312
1.77043 117384
1.77221 118456
1.774 119528
1.77579 120600
1.77757 121672
1.77936 122744
1.78115 123816
1.78294 124888
1.78472 125960
2.11586 123613
2.11718 123844
2.11761 124088
2.11808 124319
2.11932 124564
2.11983 124795
2.12191 125039
2.12242 125270
2.12286 125515
2.12417 125746
2.12461 125990
2.12508 126221
2.12716 126465
2.12767 126696
2.12899 126927
2.1294 127179
2.12987 127409
2.13111 127654
2.13162 127885
2.13205 128129
2.13421 128360
2.13465 128605
2.13596 128836
2.1364 129080
2.13687 129311
2.13895 129556
2.13946 129786
2.1407 130031
2.14121 130262
2.14164 130506
2.1438 130737
2.14423 130982
2.14471 131213
2.14594 131457
2.14645 131688
2.14769 131933
2.1482 132163
2.14868 132394
2.15072 132646
2.15125 132877
2.15168 133121
2.153 133352
2.15343 133597
2.22389 133827
2.22432 134072
2.22648 134303
2.22691 99864
2.22823 99826
2.22947 100070
2.22998 100301
2.23041 100546
2.23257 100776
2.233 101021
2.23432 101252
2.23475 101496
2.23522 101727
2.23731 101972
2.23782 102203
2.23825 102447
2.23956 102678
2.24004 102909
2.24124 103160
2.24177 103391
2.2422 103636
2.24436 103867
2.24479 104111
2.24526 104342
2.2465 104587
2.24701 104817
2.24909 105062
2.2496 87904
2.58851 88440
2.59984 88976
2.60928 89512
2.62155 90048
2.63477 90584
2.72828 91120
2.73395 91656
2.79053 92192
2.80186 92728
2.81318 93264
2.82734 93800
2.84056 94336
2.92983 94872
2.98452 95408
2.99585 95944
3.00812 96480
3.02228 97016
3.03644 97552
3.05343 98088
3.13846 98624
3.19645 99160
3.21463 99696
3.24059 100232
3.2675 100768
3.29346 101304
3.37498 101840
3.43447 102376
3.46033 102912
3.48947 103448
3.51965 103984
3.54815 104520
3.57758 105056
3.66669 105592
3.72544 106128
3.75214 106664
3.78158 107200
3.80521 106886
3.80568 107108
3.80699 107330
3.80747 107552
3.80962 107774
3.8101 107996
3.81057 108218
3.81188 108440
3.81236 108662
3.81451 108884
3.81499 109106
3.81546 109328
3.81677 109550
3.81724 109772
3.81856 109994
3.81903 110216
3.8195 110438
3.82166 110660
3.82213 110882
3.82345 111104
3.82392 111326
3.82439 111548
3.82655 111770
3.82702 111992
3.8275 112214
3.82881 112436
3.82928 112658
3.83144 112880
3.83191 113102
3.83239 113324
3.8337 113546
3.83417 113768
3.83549 113990
3.83596 114212
3.83643 114434
3.83859 114656
3.83906 114878
3.84038 115100
3.84085 115322
3.84132 115544
3.84348 115766
3.84395 115988
3.84527 116210
3.84574 116432
3.84621 116654
3.84837 116876
3.84884 117098
3.84931 117320
3.85063 117542
3.8511 117763
3.85242 117985
3.85289 118207
3.85336 118429
3.85552 94672
3.85599 94136
3.85731 93600
3.85778 93064
3.85825 92528
3.86041 91992
3.86088 91456
3.8622 90920
3.86267 90384
3.86314 89848
3.8653 89312
3.86577 88776
3.93285 88240
3.93333 87704
3.93464 87168
3.93511 86632
3.93643 86096
3.93774 85560
3.93822 85024
3.93869 84488
3.94085 83952
3.94132 83416
3.94263 83065
3.94311 83287
3.94358 83509
3.94574 83731
3.94621 83953
3.94752 84175
3.948 84397
3.94847 84619
3.94978 84841
3.95025 85063
3.95241 85285
3.9824 85507
3.98287 85729
3.98334 85951
3.98381 86173
3.98428 75040
4.32507 75576
4.3279 76112
4.35056 76648
4.37416 77184
4.52661 77720
4.54172 78256
4.56437 78792
4.72863 79328
4.72958 79864
4.75318 80400
4.78527 80936
4.93018 81472
4.95 82008
4.98587 82544
5.14116 83080
5.16476 83616
5.20158 84152
5.37444 84688
5.41922 85224
5.57476 85760
5.63115 86296
5.7136 86832
5.87905 87368
5.95655 87904
6.15799 88440
6.23548 88976
6.26399 88663
6.26446 88885
6.26494 89107
6.26709 89329
6.26757 89552
6.26888 89774
6.26935 89996
6.26983 90218
6.27114 90441
6.27161 90663
6.27377 90885
6.27424 91107
6.27472 91330
6.27603 91552
6.2765 91774
6.27697 91996
6.27913 92219
6.27961 92441
6.28092 92663
6.28139 92885
6.28186 93108
6.28402 93330
6.28449 93552
6.28581 93774
6.34362 93997
6.34409 94219
6.34456 94441
6.34504 94663
6.34551 94886
6.34598 95108
6.34645 95330
6.34692 95552
6.3474 95775
6.34787 95997
6.34834 96219
6.34881 96441
6.34928 96664
6.34976 96886
6.35023 97108
6.3507 97330
6.35117 97552
6.35164 97775
6.3524 97997
6.35288 98219
6.35503 98441
6.35551 98664
6.35682 98886
6.35729 99108
6.35861 99330
6.35908 99553
6.35955 99775
6.36002 99997
6.3605 100219
6.36097 100442
6.36144 100664
6.36313 100886
6.3636 101108
6.36491 101331
6.36539 101553
6.36754 101775
6.36802 101997
6.36933 102220
6.3698 102442
6.37028 102664
6.37075 88480
6.37291 87944
6.37338 87408
6.37469 86872
6.37517 86336
6.37648 85800
6.37695 85264
6.37911 84728
6.37958 84192
6.38005 83656
6.38053 83120
6.38184 82584
6.38231 82048
6.38447 81512
6.38494 80976
6.38626 80440
6.38673 79904
6.3872 79368
6.38768 78832
6.38983 78296
6.39031 77760
6.39162 77224
6.39209 76688
6.39341 76152
6.39388 75616
6.39604 75080
6.39651 74544
6.39698 74008
6.39745 73472
6.39877 72936
6.39924 72400
6.4014 71864
6.40187 71328
6.40319 70792
6.40366 70256
6.40413 69720
6.4046 69184
6.40676 68648
6.40723 68112
6.40855 67576
6.40902 67040
6.41034 66504
6.41081 65968
6.41297 65432
6.41344 64896
6.41391 64360
6.41438 63824
6.4157 63288
6.41617 62752
6.41833 62216
6.4188 62176
6.46554 62712
6.46648 63248
6.46864 63784
6.54564 64320
6.55413 64856
6.67936 65392
6.74718 65928
6.86863 66464
6.88751 67000
6.95014 67536
7.07489 68072
7.1051 68608
7.27304 69144
7.31067 69680
7.38759 70216
7.52071 70752
7.59119 71288
7.76821 71824
7.83208 72360
7.9425 72896
8.10107 73432
8.28525 73968
8.42251 74504
8.62584 75040
8.89036 75576
11.5921 76112
11.9462 76648
12.1932 77184
12.3887 77720
12.5547 78256
12.7017 78792
12.834 79328
12.9489 79864
13.0971 80400
13.1594 80936
13.2537 81472
13.3422 82008
13.4268 82544
13.5374 83080
13.5813 83616
13.6549 84152
13.7253 84688
13.8065 85224
13.8563 85760
13.9182 86296
13.9798 86832
14.0964 87368
14.1664 87904
14.2589 88440
14.3414 88976
14.3689 89512
14.4538 90048
14.5172 90584
14.5505 91120
14.5842 91656
14.6563 92192
14.735 92728
14.7549 93264
14.7791 93800
14.8387 94336
14.8971 94872
14.9456 95408
14.9626 95944
14.9899 96480
15.0309 97016
15.0991 97552
15.1424 98088
15.1594 98624
15.1764 99160
15.2139 99696
15.2693 100232
15.3331 100768
15.3647 101304
15.3925 101840
15.4184 102376
15.4521 102912
15.5057 103448
15.5499 103984
15.6059 104520
15.6348 105056
15.6561 105592
15.6784 106128
15.7015 106664
15.7238 107200
15.7673 107736
15.8088 108272
15.8571 108808
15.8918 109344
15.9122 109880
15.9327 110416
15.9523 110952
15.9719 111488
15.9951 112024
16.0156 112560
16.0689 113096
16.1037 113632
16.1519 114168
16.1747 114704
16.1935 115240
16.2104 115776
16.2299 116312
16.2487 116848
16.2665 117384
16.2803 117068
16.2807 117288
16.2812 117508
16.2825 117728
16.283 117948
16.2835 118168
16.2848 118387
16.2853 118607
16.2874 118827
16.2879 119047
16.2884 119267
16.2897 119487
16.2902 119706
16.2923 119926
16.2928 120146
16.2933 120366
16.2946 120586
16.295 120806
16.2972 121025
16.2977 121245
16.2981 121465
16.2995 121685
16.2999 121905
16.3012 122125
16.3017 122344
16.3022 122564
16.3043 122784
16.3048 123004
16.3053 123224
16.3066 123444
16.3071 123663
16.3092 123883
16.3097 124103
16.311 124323
16.3115 124543
16.3212 124763
16.3217 124982
16.334 125202
16.3345 125422
16.3375 125642
16.3379 125862
16.3384 126082
16.3397 126301
16.3402 126521
16.3415 126741
16.342 126961
16.3433 127181
16.3438 127401
16.3527 97504
16.3531 96968
16.3536 96432
16.3541 95896
16.3579 95360
16.3584 94824
16.3741 94288
16.3745 93752
16.3758 93216
16.3763 92680
16.3768 92892
16.3773 93112
16.3777 93332
16.3782 93552
16.3804 93772
16.3893 93992
16.3897 94211
16.3927 94431
16.3932 94651
16.3945 94871
16.395 95091
16.3997 95311
16.4002 95530
16.4048 95750
16.4053 95970
16.4058 96190
16.4063 96410
16.4067 96630
16.4072 96849
16.4077 82008
16.4863 82544
16.6867 83080
16.6923 83616
16.6989 84152
16.7055 84688
16.7122 85224
16.7207 85760
16.7301 86296
16.7395 86832
16.7499 87368
16.8868 87904
16.8953 88440
16.9047 88976
16.9132 89512
16.9246 90048
16.9378 90584
16.951 91120
17.0874 91656
17.0959 92192
17.1072 92728
17.1204 93264
17.1337 93800
17.1506 94336
17.1667 94872
17.3112 95408
17.3318 95944
17.3569 96480
17.3829 97016
17.4142 97552
17.441 98088
17.5688 98624
17.598 99160
17.6256 99696
17.6541 100232
17.6897 100768
17.8264 101304
17.846 101840
17.8755 102376
17.9084 102912
17.9405 102597
17.9409 102817
17.9423 103037
17.9427 103257
17.9449 103477
17.9454 103697
17.9458 103917
17.9471 104137
17.9476 104357
17.9498 104577
17.9502 104797
17.9507 105017
17.952 105237
17.9525 105457
17.953 105677
17.9543 105897
17.9548 106117
17.9569 106337
17.9574 106557
17.9579 106777
17.9592 106997
17.9597 107217
17.9618 107437
17.9623 107658
17.9628 107878
17.9641 108098
17.9645 108318
17.9667 108538
17.9672 108758
17.9676 108978
17.969 109198
17.9694 109418
17.9708 109638
17.9712 109858
17.9717 110078
17.9739 110298
17.9743 110518
17.9748 110738
17.9761 110958
17.9766 111178
17.9787 111398
17.9792 111618
17.9797 111838
17.981 112058
17.9815 112278
17.9836 112498
17.9841 112718
17.9846 112939
17.9859 113159
17.9864 113379
17.9877 113599
17.9882 113819
17.9886 114039
17.9908 114259
17.9913 114479
17.9926 93720
17.993 93184
17.9935 92648
17.9957 92112
17.9961 91576
17.9966 91040
17.9979 90504
17.9984 89968
18.0006 89432
18.1123 88896
18.1128 88360
18.1133 87824
18.1138 87288
18.1142 86752
18.1147 86216
18.1169 85680
18.1173 85144
18.1186 84608
18.1191 84072
18.1196 83536
18.1209 83000
18.1214 82464
18.1235 81928
18.124 81392
18.1245 80856
18.1258 80320
18.1263 79784
18.1284 79248
18.1289 78712
18.1294 78906
18.1307 79126
18.1312 79346
18.1333 79567
18.1338 79787
18.1343 80007
18.1356 80227
18.136 80447
18.1365 80667
18.1378 80887
18.1383 81107
18.1405 80949
18.1409 71824
18.4044 72360
18.432 72896
18.4358 73432
18.4594 73968
18.4896 74504
18.6439 75040
18.6656 75576
18.6902 76112
18.8408 76648
18.8625 77184
18.8851 77720
19.0371 78256
19.0598 78792
19.0947 79328
19.2611 79864
19.304 80400
19.356 80936
19.5081 81472
19.5663 82008
19.7199 82544
19.7822 83080
19.8577 83616
20.0545 84152
20.1071 84688
20.1664 84372
20.1668 84592
20.1673 84812
20.1695 85032
20.1699 85252
20.2918 85472
20.2923 85692
20.2928 85912
20.2932 86132
20.3106 86351
20.311 86571
20.3115 86791
20.312 87011
20.3125 87231
20.3129 87451
20.3134 87671
20.3139 87891
20.3143 88111
20.3148 88331
20.3153 88550
20.3158 88770
20.3162 88990
20.3167 89210
20.3172 89430
20.3177 89650
20.3181 89870
20.3186 90090
20.3191 90310
20.3195 90530
20.32 90749
20.3205 90969
20.321 91189
20.3214 91409
20.3219 91629
20.3224 91849
20.3228 92069
20.3233 92289
20.3238 92509
20.3243 92728
20.3247 92948
20.3252 93168
20.3257 93388
20.3261 93608
20.3266 93828
20.3271 94048
20.3276 94268
20.328 94488
20.3285 94708
20.329 94927
20.3295 95147
20.3299 95367
20.3304 95587
20.3309 95807
20.3313 96027
20.3318 96247
20.3323 96467
20.3328 96687
20.3332 96907
20.3337 97126
20.3342 97346
20.3346 97566
20.3351 97786
20.3356 98006
20.3361 98226
20.3365 98446
20.337 98666
20.3375 98886
20.3379 87360
20.3384 86824
20.3389 86288
20.3394 85752
20.3398 85216
20.3403 84680
20.3408 84144
20.3413 83608
20.3417 83072
20.3422 82536
20.3427 82000
20.3431 81464
20.3436 80928
20.3441 80392
20.3446 79856
20.345 79320
20.3455 78784
20.346 78248
20.3464 77712
20.3469 77176
20.3474 76640
20.3479 76104
20.3483 75568
20.3488 75032
20.3493 74496
20.3497 73960
20.3502 73424
20.3507 72888
20.3512 72352
20.3516 71816
20.3521 71280
20.3526 70744
20.3531 70208
20.3535 69672
20.354 69136
20.3545 68600
20.3549 68064
20.3554 67528
20.3559 66992
20.3564 66456
20.3568 65920
20.3573 65384
20.3578 64848
20.3582 64312
20.3587 63776
20.3592 63240
20.3597 62704
20.3601 62168
20.3606 61632
20.3611 61096
20.3615 60560
20.362 60024
20.3625 59488
20.363 58960
20.3804 59496
20.3814 60032
20.3823 60568
20.4938 61104
20.4948 61640
20.5386 62176
20.6954 62712
20.724 63248
20.7915 63784
20.9171 64320
20.9454 64856
21.0989 65392
21.1385 65928
21.2106 66464
21.3607 67000
21.4489 67536
21.6013 68072
21.7049 68608
21.8624 69144
21.9753 69680
22.138 70216
22.3366 70752
22.5391 71288
22.7411 71824
25.4592 72360
25.8063 72896
26.0552 73432
26.2595 73968
26.4182 74504
26.5625 75040
26.6924 75576
26.8136 76112
26.9183 76648
27.0199 77184
27.1138 77720
27.2086 78256
27.287 78792
27.3694 79328
27.4427 79864
27.5151 80400
27.5868 80936
27.6565 81472
27.7169 82008
27.7797 82544
27.8414 83080
27.9591 83616
28.0548 84152
28.1266 84688
28.2101 85224
28.2964 85760
28.3321 86296
28.3576 86832
28.4503 87368
28.4979 87904
28.5332 88440
28.553 88976
28.6098 89512
28.684 90048
28.7276 90584
28.7437 91120
28.7635 91656
28.8418 92192
28.892 92728
28.9287 93264
28.9448 93800
28.9608 94336
29.0134 94872
29.0762 95408
29.1255 95944
29.1388 96480
29.1558 97016
29.1727 97552
29.2471 98088
29.2956 98624
29.3407 99160
29.3631 99696
29.3855 100232
29.4097 100768
29.4449 101304
29.4981 101840
29.5405 102376
29.5839 102912
29.6126 103448
29.6365 103984
29.6597 104520
29.6819 105056
29.7042 105592
29.7468 106128
29.7957 106664
29.8227 107200
29.8557 107736
29.8829 108272
29.9024 108808
29.9203 109344
29.9408 109880
29.9622 110416
29.9818 110952
30.0233 111488
30.079 112024
30.1019 112560
30.1281 113096
30.1519 113632
30.1688 114168
30.1867 114704
30.2036 115240
30.2232 115776
30.2411 116312
30.2616 116848
30.3215 117384
30.3603 117920
30.3746 118456
30.394 118992
30.4093 119528
30.4178 120064
30.4272 120600
30.4366 121136
30.447 121672
30.4574 122208
30.4687 122744
30.5082 123280
30.5628 123816
30.5805 124352
30.5995 124888
30.6132 125424
30.6604 125960
31.5906 123613
31.5911 123844
31.5932 124088
31.5937 124319
31.5941 124564
31.5954 124795
31.5959 125039
31.598 125270
31.5984 125515
31.5989 125746
31.6002 125990
31.6007 126221
31.6011 126465
31.6024 126696
31.6028 126941
31.605 127172
31.6054 127416
31.6059 127647
31.6072 127892
31.6077 128123
31.6081 128367
31.6103 128598
31.6107 128842
31.612 129073
31.6124 129318
31.6129 129549
31.615 129793
31.6155 130024
31.6159 130269
31.6172 130500
31.6177 130744
31.619 130975
31.6194 131219
31.6199 131450
31.622 131695
31.6225 131926
31.6229 132170
31.6242 132401
31.6247 132646
31.6268 132877
31.6273 133121
31.6277 133352
31.629 133597
31.6295 133827
31.6299 134072
31.6321 134303
31.6325 99864
31.6338 99826
31.6343 100070
31.6398 100301
31.6402 100546
31.6415 100776
31.642 101021
31.6585 101252
31.6589 101496
31.6602 101727
31.6607 101972
31.662 102203
31.6624 102447
31.6654 102678
31.6658 102923
31.6798 103153
31.6802 103398
31.6816 103629
31.682 103873
31.6926 104104
31.693 104349
31.6994 104580
31.6998 104824
31.7062 105055
31.7066 87904
32.118 88440
32.1502 88976
32.1698 89512
32.1912 90048
32.2135 90584
32.2375 90270
32.238 90491
32.2393 90713
32.2398 90934
32.2402 91156
32.2415 91377
32.242 91599
32.2425 91820
32.2446 92042
32.2451 92263
32.2464 92485
32.2469 92706
32.2474 92927
32.2495 93149
32.25 93370
32.2513 93592
32.2518 93813
32.2523 94035
32.2544 94256
32.2549 94478
32.2562 94699
32.2567 94921
32.2572 95142
32.2585 95364
32.2589 95585
32.2611 95806
32.2616 96028
32.262 96249
32.2634 96471
32.2638 96692
32.266 96914
32.2665 97135
32.2669 97357
32.2682 97578
32.2687 97800
32.2692 98021
32.2705 98243
32.271 98464
32.2731 98685
32.2736 98907
32.2741 99128
32.2754 99350
32.2759 99571
32.278 99793
32.2785 100014
32.279 100236
32.2803 100457
32.2808 100679
32.2829 100900
32.2834 101122
32.2839 101343
32.2852 101564
32.2856 101786
32.287 102007
32.2874 102229
32.2879 102450
32.2901 102672
32.2905 102893
32.291 103115
32.2923 103336
32.2928 103558
32.295 103779
32.2954 104001
32.2959 89368
32.2972 88832
32.2977 88296
32.2998 87760
32.3349 87224
32.3354 86688
32.3508 86152
32.3513 85616
32.3518 85080
32.3522 84544
32.3527 84008
32.3532 83472
32.3537 82936
32.3553 82400
32.3558 81864
32.3571 81328
32.3576 80792
32.3589 80256
32.3594 79720
32.3615 79184
32.362 78648
32.3625 78112
32.363 77576
32.3643 77040
32.3648 76504
32.3669 75968
32.3674 75432
32.3687 74896
32.3692 74360
32.3713 73824
32.3718 73288
32.3723 72752
32.3727 72216
32.3732 71680
32.3741 71144
32.3745 70608
32.3758 70072
32.3763 69536
32.3785 69000
32.3789 68464
32.3794 67928
32.3799 67392
32.3812 66856
32.3817 66320
32.3838 65784
32.3843 65248
32.3856 64712
32.3861 64176
32.3883 63640
32.3887 63248
32.439 63784
32.4408 64320
32.4418 64856
32.4631 65392
32.6411 65928
32.6514 66464
32.6769 67000
32.8431 67536
32.861 68072
32.8903 68608
33.0531 69144
33.0833 69680
33.2473 70216
33.284 70752
33.3386 71288
33.4985 71824
33.576 72360
33.7425 72896
33.8213 73432
33.9975 73968
34.0895 74504
34.2836 75040
34.4861 75576
34.6881 76112
34.8906 76648
37.5651 77184
37.9208 77720
38.165 78256
38.3622 78792
38.5291 79328
38.6737 79864
38.8082 80400
38.9228 80936
39.0317 81472
39.1323 82008
39.2308 82544
39.3291 83080
39.4008 83616
39.479 84152
39.5738 84688
39.6283 85224
39.6981 85760
39.7689 86296
39.8481 86832
39.8932 87368
39.9536 87904
40.0695 88440
40.1601 88976
40.2319 89512
40.3312 90048
40.36 90584
40.4123 91120
40.5033 91656
40.5488 92192
40.5686 92728
40.6148 93264
40.6966 93800
40.7428 94336
40.7635 94872
40.7944 95408
40.8531 95944
40.9246 96480
40.9538 97016
40.9708 97552
40.9991 98088
41.05 98624
41.12 99160
41.1501 99696
41.1681 100232
41.1857 100768
41.2369 101304
41.31 101840
41.3517 102376
41.3775 102912
41.4017 103448
41.4286 103984
41.4629 104520
41.5131 105056
41.5708 105592
41.6107 106128
41.6387 106664
41.6627 107200
41.6867 107736
41.7099 108272
41.7348 108808
41.7672 109344
41.8223 109880
41.8646 110416
41.8985 110952
41.918 111488
41.9359 112024
41.9573 112560
41.9778 113096
41.9983 113632
42.0214 114168
42.0554 114704
42.1239 115240
42.1509 115776
42.1738 116312
42.1916 116848
42.2095 117384
42.2264 117920
42.2451 118456
42.2665 118992
42.2839 118676
42.286 118895
42.2865 119114
42.2878 119334
42.2883 119553
42.2888 119772
42.2901 119991
42.2906 120211
42.291 120430
42.2932 120649
42.2937 120868
42.295 121088
42.2955 121307
42.2959 121526
42.2981 121746
42.2986 121965
42.2999 122184
42.3003 122403
42.3008 122623
42.303 122842
42.3034 123061
42.3048 123280
42.3052 123500
42.3057 123719
42.307 123938
42.3075 124158
42.3096 124377
42.3101 124596
42.3106 124815
42.3119 125035
42.3124 125254
42.3129 125473
42.315 125692
42.3155 125912
42.3168 126131
42.3173 126350
42.3177 126570
42.3199 126789
42.3204 127008
42.3225 127227
42.323 127447
42.3319 127666
42.3324 127885
42.3472 128104
42.3477 128324
42.354 128543
42.3545 128762
42.3626 128982
42.363 97544
42.3711 97008
42.3716 96472
42.3788 95936
42.3793 95400
42.3848 94864
42.3853 94328
42.3942 94313
42.3946 94532
42.4044 94752
42.4049 94971
42.4053 95190
42.4058 95409
42.4063 95629
42.4067 95848
42.4089 96067
42.4094 96287
42.4098 96506
42.4103 96725
42.4108 96944
42.4113 97164
42.4117 97383
42.4122 97602
42.4127 97821
42.4132 98041
42.4136 98260
42.4141 98479
42.4146 83080
42.4894 83616
42.6898 84152
42.6955 84688
42.7021 85224
42.7087 85760
42.7162 86296
42.7247 86832
42.7342 87368
42.7436 87904
42.754 88440
42.8899 88976
42.8984 89512
42.9069 90048
42.9173 90584
42.9286 91120
42.94 91656
42.9532 92192
43.0905 92728
43.0962 93264
43.1075 93800
43.1207 94336
43.133 94872
43.1491 95408
43.1661 95944
43.3033 96480
43.3257 97016
43.3516 97552
43.3776 98088
43.4036 98624
43.4357 99160
43.5576 99696
43.5876 100232
43.6203 100768
43.6498 101304
43.6809 101840
43.7147 102376
43.7224 102059
43.7237 102277
43.7242 102496
43.7246 102714
43.7268 102932
43.7273 103151
43.8298 103369
43.8302 103587
43.8315 103806
43.832 104024
43.8333 104243
43.8338 104461
43.8351 104679
43.8364 104898
43.8369 105116
43.8374 105334
43.8395 105553
43.84 105771
43.8413 105990
43.8418 106208
43.8423 106426
43.8436 106645
43.8441 106863
43.8462 107081
43.8467 107300
43.8472 107518
43.8485 107736
43.8489 107955
43.8511 108173
43.8516 108392
43.8521 108610
43.8534 108828
43.8538 109047
43.856 109265
43.8565 109483
43.8569 109702
43.8583 109920
43.8587 110139
43.8592 110357
43.8605 110575
43.861 110794
43.8631 111012
43.8636 111230
43.8641 111449
43.8654 111667
43.8659 111886
43.868 112104
43.8685 112322
43.869 112541
43.8703 112759
43.8708 112977
43.8729 113196
43.8734 113414
43.8739 113632
43.8752 113851
43.8757 114069
43.877 92992
43.8774 92456
43.8779 91920
43.8801 91384
43.8805 90848
43.881 90312
43.8823 89776
43.8828 89240
43.885 88704
43.8854 88168
43.8859 87632
43.8872 87096
43.8877 86560
43.889 86024
43.8895 85488
43.89 84952
43.8921 84416
43.8926 83880
43.8939 83344
43.8944 82808
43.8948 82272
43.897 81736
43.8975 81200
43.8988 80664
43.8993 80128
43.8997 79592
43.9019 79056
43.9024 78520
43.9037 78005
43.9041 78224
43.9046 78442
43.9059 78660
43.9064 78879
43.9069 79097
43.909 79315
43.9095 79534
43.9108 79752
43.9113 79970
43.9118 80189
43.9139 80030
43.9144 79871
43.9157 71288
44.2177 71824
44.2895 72360
44.2904 72896
44.3056 73432
44.334 73968
44.4197 74504
44.505 75040
44.5309 75576
44.6218 76112
44.6994 76648
44.7282 77184
44.7621 77720
44.9143 78256
44.942 78792
45.0249 79328
45.1168 79864
45.1563 80400
45.3027 80936
45.3657 81472
45.4203 82008
45.592 82544
45.6671 83080
45.8539 83616
45.9312 84152
46.1291 84688
46.3073 85224
46.4068 85760
46.6093 86296
46.8326 86832
49.5483 87368
49.9098 87904
50.1502 88440
50.3423 88976
50.5082 89512
50.6546 90048
50.792 90584
50.9079 91120
51.0105 91656
51.1142 92192
51.208 92728
51.2975 93264
51.3799 93800
51.4596 94336
51.5373 94872
51.611 95408
51.6784 95944
51.7456 96480
51.8102 97016
51.8768 97552
51.9334 98088
52.051 98624
52.162 99160
52.2367 99696
52.3093 100232
52.3611 100768
52.4053 101304
52.4512 101840
52.5052 102376
52.5636 102912
52.5942 103448
52.6417 103984
52.7072 104520
52.7598 105056
52.7874 105592
52.8298 106128
52.8677 106664
52.9262 107200
52.9714 107736
52.9903 108272
53.0323 108808
53.0653 109344
53.1216 109880
53.1633 110416
53.1867 110952
53.2237 111488
53.2607 112024
53.2995 112560
53.3575 113096
53.402 113632
53.4314 114168
53.4573 114704
53.4993 115240
53.5302 115776
53.5594 116312
53.613 116848
53.6504 117384
53.6778 117920
53.7009 118456
53.7276 118992
53.7525 119528
53.7823 120064
53.8088 120600
53.8338 121136
53.8862 121672
53.9202 122208
53.9449 122744
53.9646 123280
53.9885 123816
54.01 124352
54.0349 124888
54.0589 125424
54.184 125960
54.3121 123029
54.3126 123263
54.3147 123511
54.3152 123745
54.3164 123993
54.3169 124227
54.3174 124474
54.3195 124709
54.32 124956
54.3204 125190
54.3217 125438
54.3222 125672
54.3235 125906
54.324 126140
54.3244 126374
54.3266 126608
54.3271 126842
54.3281 127124
54.3287 127358
54.3291 127605
54.3313 127839
54.3317 128087
54.3322 128321
54.3334 128569
54.334 128803
54.3344 129050
54.3366 129284
54.337 129532
54.3383 129766
54.3387 130014
54.3392 130248
54.3404 130495
54.341 130729
54.3414 130964
54.3435 131218
54.344 131452
54.3452 131700
54.3457 131934
54.3462 132181
54.3483 132415
54.3488 132663
54.3492 132897
54.3505 133145
54.351 133379
54.3531 133626
54.3536 133860
54.354 99352
54.3553 99243
54.3558 99491
54.3562 99725
54.3575 99973
54.358 100207
54.3601 100454
54.3606 100688
54.361 100936
54.3623 101170
54.3628 101404
54.3648 101658
54.3654 101893
54.3658 102140
54.3671 102374
54.3676 102622
54.368 102856
54.3701 103103
54.3706 103338
54.3719 103585
54.3724 103819
54.3728 104067
54.3741 104301
54.3746 87904
54.5137 88440
54.7157 88976
54.7166 89512
54.7176 90048
54.7185 90584
54.7195 91120
54.7204 91656
54.7213 92192
54.7223 92728
54.7232 93264
54.7242 93800
54.7261 94336
54.7468 94872
54.7723 95408
54.9172 95944
54.9182 96480
54.9342 97016
54.9484 97552
54.9673 98088
54.9861 98624
55.1192 99160
55.1306 99696
55.1457 100232
55.1627 100768
55.1806 101304
55.2023 101840
55.3389 102376
55.3648 102912
55.3926 103448
55.4203 103984
55.4534 104520
55.4847 105056
55.6067 105592
55.6367 106128
55.667 106664
55.6991 107200
55.7294 107736
55.7374 107419
55.7378 107637
55.7392 107855
55.7396 108073
55.7418 108291
55.7423 108510
55.7427 108728
55.7441 108946
55.7445 109164
55.7458 109382
55.7463 109600
55.7468 109819
55.7489 110037
55.7494 110255
55.7499 110473
55.7512 110691
55.7517 110909
55.7538 111128
55.7543 111346
55.7548 111564
55.7561 111782
55.7566 112000
55.7579 112218
55.7584 112437
55.7588 112655
55.761 112873
55.7615 113091
55.7628 113309
55.7632 113527
55.7637 113746
55.7659 113964
55.7663 114182
55.7677 114400
55.7681 114618
55.7686 114836
55.7708 115055
55.8648 115273
55.8653 115491
55.8666 115709
55.8671 115927
55.8684 116146
55.8689 116364
55.8693 116582
55.8707 116800
55.8711 117018
55.8716 117236
55.8738 117455
55.8742 117673
55.8756 117891
55.8769 118109
55.8773 118327
55.8778 118545
55.8791 118764
55.8796 94952
55.8818 94416
55.8822 93880
55.8827 93344
55.884 92808
55.8845 92272
55.8866 91736
55.8871 91200
55.8876 90664
55.8889 90128
55.8894 89592
55.8915 89056
55.892 88520
55.8925 87984
55.8938 87448
55.8943 86912
55.8956 86376
55.8961 85840
55.8965 85304
55.8987 84768
55.8992 84232
55.8996 83696
55.9009 83515
55.9014 83733
55.9036 83952
55.904 84170
55.9045 84388
55.9058 84606
55.9063 84824
55.9085 85042
55.9089 85261
55.9094 85479
55.9107 85697
55.9112 85915
55.9125 86133
55.913 86351
55.9135 86570
55.9156 86788
55.9161 75040
56.2617 75576
56.2829 76112
56.2961 76648
56.3188 77184
56.4633 77720
56.4882 78256
56.5109 78792
56.5345 79328
56.6653 79864
56.7077 80400
56.7313 80936
56.8673 81472
56.9045 82008
56.9319 82544
57.0688 83080
57.1065 83616
57.1434 84152
57.3018 84688
57.3565 85224
57.4156 85760
57.5776 86296
57.6617 86832
57.8246 87368
57.9046 87904
58.1069 88440
58.1836 88976
58.2152 88663
58.2165 88885
58.217 89107
58.2191 89329
58.2196 89552
58.2201 89774
58.2214 89996
58.2219 90218
58.2223 90441
58.2236 90663
58.2241 90885
58.2263 91107
58.2268 91330
58.2272 91552
58.2285 91774
58.229 91996
58.2312 92219
58.2316 92441
58.2321 92663
58.2334 92885
58.2339 93108
58.2361 93330
58.2365 93552
58.237 93774
58.2383 93997
58.2388 94219
58.2401 94441
58.335 94663
58.3355 94886
58.336 95108
58.3364 95330
58.3369 95552
58.3374 95775
58.3378 95997
58.3383 96219
58.3388 96441
58.3393 96664
58.3397 96886
58.3402 97108
58.3407 97330
58.3412 97552
58.3416 97775
58.3421 97997
58.3426 98219
58.343 98441
58.3435 98664
58.344 98886
58.3445 99108
58.3449 99330
58.3454 99553
58.3459 99775
58.3463 99997
58.3468 100219
58.3473 100442
58.3478 100664
58.3482 100886
58.3487 101108
58.3492 101331
58.3496 101553
58.3501 101775
58.3506 101997
58.3511 102220
58.3515 102442
58.352 102664
58.3525 88968
58.353 88432
58.3534 87896
58.3539 87360
58.3544 86824
58.3548 86288
58.3553 85752
58.3558 85216
58.3563 84680
58.3567 84144
58.3572 83608
58.3577 83072
58.3581 82536
58.3586 82000
58.3591 81464
58.3596 80928
58.36 80392
58.3605 79856
58.361 79320
58.3614 78784
58.3619 78248
58.3624 77712
58.3629 77176
58.3633 76640
58.3638 76104
58.3643 75568
58.3648 75032
58.3652 74496
58.3657 73960
58.3662 73424
58.3666 72888
58.3671 72352
58.3676 71816
58.3681 71280
58.3685 70744
58.369 70208
58.3695 69672
58.3699 69136
58.3704 68600
58.3709 68064
58.3714 67528
58.3718 66992
58.3723 66456
58.3728 65920
58.3732 65384
58.3737 64848
58.3742 64312
58.3747 63776
58.3751 63240
58.3756 62704
58.3761 62176
58.4167 62712
58.4185 63248
58.4207 63784
58.4417 64320
58.5413 64856
58.6287 65392
58.657 65928
58.8217 66464
58.8406 67000
58.9401 67536
59.0242 68072
59.0535 68608
59.2242 69144
59.2619 69680
59.3031 70216
59.4719 70752
59.5371 71288
59.7133 71824
59.806 72360
59.984 72896
60.0759 73432
60.2607 73968
60.4632 74504
60.6652 75040
60.8677 75576
63.543 76112
63.8952 76648
64.1445 77184
64.3407 77720
64.5061 78256
64.6769 78792
64.7825 79328
64.9017 79864
65.0097 80400
65.1093 80936
65.2069 81472
65.2926 82008
65.378 82544
65.46 83080
65.5384 83616
65.606 84152
65.6779 84688
65.743 85224
65.8075 85760
65.87 86296
65.9333 86832
66.0724 87368
66.1542 87904
66.2065 88440
66.3301 88976
66.35 89512
66.3821 90048
66.4504 90584
66.5392 91120
66.5553 91656
66.5837 92192
66.641 92728
66.7342 93264
66.7502 93800
66.77 94336
66.8038 94872
66.8767 95408
66.9414 95944
66.9584 96480
66.9772 97016
67.0115 97552
67.0802 98088
67.1453 98624
67.1594 99160
67.1774 99696
67.1986 100232
67.2584 100768
67.3416 101304
67.3622 101840
67.3864 102376
67.4088 102912
67.4366 103448
67.4734 103984
67.527 104520
67.5999 105056
67.621 105592
67.6457 106128
67.6697 106664
67.692 107200
67.7151 107736
67.7392 108272
67.7826 108808
67.8266 109344
67.8831 109880
67.9018 110416
67.9206 110952
67.9384 111488
67.9598 112024
67.9793 112560
68.0008 113096
68.0221 113632
68.027 113316
68.0275 113536
68.0297 113755
68.0301 113975
68.0306 114194
68.0395 114414
68.04 114633
68.043 114853
68.0435 115072
68.049 115292
68.0495 115511
68.0499 115731
68.0529 115950
68.0534 116170
68.0539 116389
68.0544 116609
68.0607 116828
68.0612 117048
68.0676 117267
68.068 117487
68.0702 117706
68.0707 117926
68.0813 118145
68.0817 118365
68.0923 118584
68.0928 118804
68.0975 119023
68.098 119243
68.101 119462
68.1014 119682
68.1028 119901
68.1041 120121
68.1045 120340
68.1067 120560
68.1072 120779
68.1076 120999
68.1081 121218
68.1111 121438
68.1116 121657
68.118 121877
68.1184 122096
68.1214 122316
68.1219 122535
68.157 122755
68.1574 122974
68.1579 123194
68.1584 123413
68.1588 123633
68.1593 123852
68.1606 124072
68.1611 96128
68.1633 95592
68.1637 95056
68.1642 94520
68.1655 93984
68.166 93448
68.1681 92912
68.1686 92376
68.1691 91840
68.1704 91304
68.1709 90768
68.1722 90232
68.1727 89696
68.1731 89160
68.1753 89207
68.1758 89427
68.1771 89646
68.1776 89866
68.178 90085
68.1802 90305
68.1807 90524
68.1811 90744
68.1824 90963
68.1829 91183
68.1851 91402
68.1855 91622
68.186 91841
68.1873 92061
68.1878 92280
68.1891 92500
68.1896 92719
68.1901 92939
68.1922 79328
68.4659 79864
68.5145 80400
68.5155 80936
68.5192 81472
68.5334 82008
68.5457 82544
68.5636 83080
68.5815 83616
68.7236 84152
68.734 84688
68.7463 85224
68.7604 85760
68.7755 86296
68.8695 86832
68.9256 87368
68.9389 87904
68.9511 88440
68.9672 88976
68.9823 89512
69.1201 90048
69.1324 90584
69.1437 91120
69.1598 91656
69.1758 92192
69.1956 92728
69.3413 93264
69.3672 93800
69.3906 94336
69.4219 94872
69.4514 95408
69.5742 95944
69.6059 96480
69.6412 97016
69.675 97552
69.7035 98088
69.7374 98624
69.8696 99160
69.8989 99696
69.9346 100232
69.9666 99914
69.968 100131
69.9684 100348
69.9689 100566
69.9702 100783
69.9707 101000
69.9729 101218
69.9733 101435
69.9738 101652
69.9751 101869
69.9756 102087
69.9761 102304
69.9782 102521
69.9787 102739
69.98 102956
69.9805 103173
69.9809 103391
69.9823 103608
69.9827 103825
69.9849 104042
69.9854 104260
69.9858 104477
69.9871 104694
69.9876 104912
69.9898 105129
69.9903 105346
69.9907 105564
69.992 105781
69.9925 105998
69.9947 106215
69.9951 106433
69.9956 106650
69.9969 106867
69.9974 107085
69.9979 107302
69.9992 107519
69.9997 107736
70.0018 107954
70.0023 108171
70.0028 108388
70.0041 108606
70.0045 108823
70.0067 109040
70.0072 109258
70.0077 109475
70.009 109692
70.0094 109909
70.0116 110127
70.0121 110344
70.0125 110561
70.0139 110779
70.0143 110996
70.0156 111213
70.0161 111431
70.0166 111648
70.0187 111865
70.0192 112082
70.0197 92504
70.021 91968
70.0215 91432
70.0886 90896
70.089 90360
70.0912 89824
70.0917 89288
70.1394 88752
70.1398 88216
70.1411 87680
70.1416 87144
70.1421 86608
70.1434 86072
70.1439 85536
70.1443 85000
70.1457 84464
70.1461 83928
70.1474 83392
70.1479 82856
70.1484 82320
70.1505 81784
70.151 81248
70.1523 80712
70.1528 80176
70.1533 79640
70.1554 79104
70.1559 78568
70.1572 78032
70.1577 77496
70.1582 76960
70.1603 76424
70.1608 75888
70.1621 75940
70.1626 76157
70.1631 76374
70.1644 76592
70.1648 76432
70.1653 76273
70.1675 76114
70.1679 75954
70.1693 75795
70.1697 75636
70.1702 75476
70.1724 69680
70.439 70216
70.4541 70752
70.4617 71288
70.4928 71824
70.6406 72360
70.6698 72896
70.6916 73432
70.8426 73968
70.8676 74504
70.8893 75040
71.0441 75576
71.0649 76112
71.0895 76648
71.1206 77184
71.2937 77720
71.3421 78256
71.4818 78792
71.5404 79328
71.6243 79864
71.7811 80400
71.8649 80936
72.0407 81472
72.1099 82008
72.3061 82544
72.5076 83080
72.5445 83616
72.7474 84152
73.1132 84688
74.2433 84372
74.2455 84592
74.246 84812
74.2473 85032
74.2478 85252
74.2482 85472
74.2496 85692
74.25 85912
74.2522 86132
74.2527 86351
74.2531 86571
74.2544 86791
74.2549 87011
74.2571 87231
74.2575 87451
74.258 87671
74.2593 87891
74.2598 88111
74.2603 88331
74.2624 88550
74.2629 88770
74.2642 88990
74.2647 89210
74.336 89430
74.3365 89650
74.3369 89870
74.3374 90090
74.3379 90310
74.3384 90530
74.3388 90749
74.3393 90969
74.3398 91189
74.3402 91409
74.3407 91629
74.3412 91849
74.3417 92069
74.3421 92289
74.3426 92509
74.3431 92728
74.3435 92948
74.344 93168
74.3445 93388
74.345 93608
74.3454 93828
74.3459 94048
74.3464 94268
74.3468 94488
74.3473 94708
74.3478 94927
74.3483 95147
74.3487 95367
74.3492 95587
74.3497 95807
74.3502 96027
74.3506 96247
74.3511 96467
74.3516 96687
74.3526 96907
74.3531 97126
74.3536 97346
74.354 97566
74.3554 97786
74.3558 98006
74.358 98226
74.3585 98446
74.3598 98666
74.3603 98886
74.3624 87168
74.3629 86632
74.3634 86096
74.3638 85560
74.3651 85024
74.3656 84488
74.3678 83952
74.3682 83416
74.3696 82880
74.37 82344
74.3705 81808
74.371 81272
74.3723 80736
74.3728 80200
74.3749 79664
74.3754 79128
74.3767 78592
74.3772 78056
74.3793 77520
74.3798 76984
74.3803 76448
74.3808 75912
74.3821 75376
74.3825 74840
74.3847 74304
74.3852 73768
74.3865 73232
74.387 72696
74.3874 72160
74.3879 71624
74.3892 71088
74.3897 70552
74.3918 70016
74.3923 69480
74.3936 68944
74.3941 68408
74.3963 67872
74.3967 67336
74.3972 66800
74.3977 66264
74.399 65728
74.3995 65192
74.4016 64656
74.4021 64120
74.4034 63584
74.4039 63048
74.4052 62512
74.4057 61976
74.4061 61440
74.4066 60904
74.4088 60368
74.4092 59832
74.4106 59296
74.411 58960
74.4475 59496
74.4488 60032
74.4498 60568
74.4511 61104
74.452 61640
74.4542 62176
74.464 62712
74.5375 63248
74.5385 63784
74.6464 64320
74.6474 64856
74.6578 65392
74.7419 65928
74.8499 66464
74.8716 67000
74.9449 67536
75.0495 68072
75.0618 68608
75.0816 69144
75.1568 69680
75.2659 70216
75.2882 70752
75.3214 71288
75.3894 71824
75.4948 72360
75.531 72896
75.5715 73432
75.6466 73968
75.7495 74504
75.795 75040
75.8407 75576
75.9242 76112
76.0263 76648
76.074 77184
76.1617 77720
76.211 78256
76.3079 78792
76.3611 79328
76.4869 79864
76.5222 80400
76.6177 80936
76.7247 81472
76.8905 82008
77.0231 82544
77.2245 83080
77.361 83616
77.6244 84152
77.8903 84688
80.538 85224
80.8971 85760
81.1379 86296
81.3401 86832
81.5029 87368
81.6475 87904
81.7778 88440
81.8949 88976
82.0037 89512
82.1129 90048
82.1997 90584
82.2874 91120
82.3732 91656
82.4518 92192
82.527 92728
82.6014 93264
82.6719 93800
82.7539 94336
82.803 94872
82.8705 95408
82.9243 95944
83.0402 96480
83.0955 97016
83.1932 97552
83.2627 98088
83.3531 98624
83.4081 99160
83.4618 99696
83.5282 100232
83.5993 100768
83.6632 101304
83.6997 101840
83.7353 102376
83.786 102912
83.8363 103448
83.8961 103984
83.9455 104520
83.9723 105056
83.9999 105592
84.0302 106128
84.0789 106664
84.1392 107200
84.1769 107736
84.2238 108272
84.2477 108808
84.2762 109344
84.3021 109880
84.3297 110416
84.3942 110952
84.4107 111488
84.4239 112024
84.4427 112560
84.4707 113096
84.4979 113632
84.5259 114168
84.5841 114704
84.6094 115240
84.6236 115776
84.6389 116312
84.6656 116848
84.6941 117384
84.7208 117920
84.7839 118456
84.8076 118992
84.8227 119528
84.8369 120064
84.8618 120600
84.889 121136
84.9161 121672
84.9577 122208
85.0054 122744
85.0186 123280
85.0318 123816
85.0478 124352
85.0763 124888
85.1003 125424
85.1983 125960
85.5912 123104
85.5925 123338
85.593 123586
85.5935 123820
85.5956 124054
85.596 124308
85.5965 124542
85.5977 124790
85.5982 125024
85.6003 125272
85.6008 125506
85.6013 125753
85.6026 125987
85.603 126235
85.6035 126469
85.6047 126717
85.6052 126951
85.6073 127198
85.6078 127432
85.6083 127680
85.6096 127914
85.61 128162
85.6122 128396
85.6126 128643
85.6131 128877
85.6143 129125
85.6148 129359
85.6153 129607
85.6174 129841
85.6179 130088
85.6192 130323
85.6196 130570
85.6201 130804
85.6213 131052
85.6218 131286
85.6223 131533
85.6244 131768
85.6249 132015
85.6262 132249
85.6266 132497
85.6271 132731
85.6292 132978
85.6297 133213
85.6301 133460
85.6314 133694
85.6318 133942
85.634 99328
85.6344 99325
85.6349 99559
85.6361 99806
85.6367 100041
85.6371 100288
85.6384 100522
85.6388 100770
85.641 101004
85.6414 101251
85.6419 101486
85.6431 101733
85.6437 101967
85.6441 102215
85.6462 102449
85.6467 102696
85.648 102931
85.6484 103178
85.6489 103412
85.651 103660
85.6515 103894
85.6519 104142
85.6532 104376
85.6537 87904
85.8669 88440
86.1536 88976
86.1546 89512
86.1555 90048
86.1582 90584
86.16 91120
86.1626 91656
86.1644 92192
86.1653 92728
86.1679 93264
86.1697 93800
86.1715 94336
86.1741 94872
86.1751 95408
86.2018 95944
86.2348 96480
86.2419 96161
86.2424 96378
86.2437 96595
86.2441 96812
86.2446 97029
86.2468 97245
86.2472 97462
86.2477 97679
86.249 97896
86.2495 98113
86.2508 98329
86.2513 98546
86.2518 98763
86.2539 98980
86.2544 99197
86.2557 99413
86.2562 99630
86.2567 99847
86.2588 100064
86.2593 100281
86.2606 100497
86.2611 100714
86.2615 100931
86.2637 101148
86.2642 101365
86.2655 101582
86.266 101798
86.2664 102015
86.2677 102232
86.2682 102449
86.2704 102666
86.2708 102882
86.2713 103099
86.2726 103316
86.2731 103533
86.2736 103750
86.2757 103966
86.2762 104183
86.2775 104400
86.278 104617
86.2785 104834
86.2806 105050
86.2811 105267
86.2824 105484
86.2829 105701
86.2834 105918
86.2847 106135
86.2851 106351
86.2873 106568
86.2878 106785
86.2882 107002
86.2896 107219
86.29 107435
86.2922 107652
86.2927 107869
86.2931 108086
86.2945 108303
86.2949 108519
86.2954 108736
86.2976 91512
86.298 90976
86.2993 90440
86.2998 89904
86.3003 89368
86.3016 88832
86.3021 88296
86.3042 87760
86.3047 87224
86.3052 86688
86.3552 86152
86.3557 85616
86.3562 85080
86.3566 84544
86.3571 84008
86.3576 83472
86.358 82936
86.3585 82400
86.359 81864
86.3597 81328
86.3602 80792
86.3607 80256
86.3615 79720
86.362 79184
86.3625 78648
86.3641 78112
86.3646 77576
86.3651 77040
86.3659 76504
86.3664 75968
86.3669 75432
86.3674 74896
86.3678 74360
86.3683 73824
86.3695 73288
86.37 72752
86.3705 72216
86.3713 71680
86.3718 71144
86.3722 70608
86.3731 70072
86.3736 69536
86.374 69000
86.3757 68464
86.3762 67928
86.3767 67670
86.3771 67000
86.4434 67536
86.4452 68072
86.4462 68608
86.4533 69144
86.645 69680
86.6629 70216
86.6837 70752
86.8465 71288
86.8607 71824
86.8814 72360
87.0485 72896
87.058 73432
87.0901 73968
87.2507 74504
87.2901 75040
87.3466 75576
87.4846 76112
87.5427 76648
87.6204 77184
87.7779 77720
87.8617 78256
88.0462 78792
88.0988 79328
88.2964 79864
88.4966 80400
88.5343 80936
88.7378 81472
89.1017 82008
90.2359 81696
90.2363 81920
90.2368 82143
90.2381 82367
90.2386 82591
90.2407 82814
90.2412 83038
90.2417 83262
90.3248 83485
90.3253 83709
90.3257 83932
90.3262 84156
90.3267 84380
90.3272 84603
90.3276 84827
90.3281 85051
90.3286 85274
90.329 85498
90.3295 85721
90.33 85945
90.3305 86169
90.3309 86392
90.3314 86616
90.3319 86840
90.3323 87063
90.3328 87287
90.3333 87510
90.3338 87734
90.3342 87958
90.3347 88181
90.3352 88405
90.3357 88629
90.3361 88852
90.3366 89076
90.3371 89300
90.3375 89523
90.338 89747
90.3385 89970
90.339 90194
90.3394 90418
90.3399 90641
90.3404 90865
90.3408 91089
90.3413 91312
90.3418 91536
90.3423 91759
90.3427 91983
90.3432 92207
90.3437 92430
90.3441 92654
90.3446 92878
90.3451 93101
90.3456 93325
90.346 93548
90.3465 93772
90.347 93996
90.3475 94219
90.3479 94443
90.3488 94667
90.3493 94890
90.3514 95114
90.3519 95338
90.3532 95561
90.3537 95785
90.3542 96008
90.3547 96232
90.3568 96456
90.3573 96679
90.3586 96903
90.3591 86216
90.3604 85680
90.3609 85144
90.363 84608
90.3635 84072
90.364 83536
90.3644 83000
90.3657 82464
90.3662 81928
90.3684 81392
90.3688 80856
90.3702 80320
90.3706 79784
90.3728 79248
90.3733 78712
90.3737 78176
90.3742 77640
90.3755 77104
90.376 76568
90.3773 76032
90.3778 75496
90.3799 74960
90.3804 74424
90.3809 73888
90.3814 73352
90.3827 72816
90.3831 72280
90.3853 71744
90.3858 71208
90.3871 70672
90.3876 70136
90.3897 69600
90.3902 69064
90.3907 68528
90.3911 67992
90.3925 67456
90.3929 66920
90.3942 66384
90.3947 65848
90.3969 65312
90.3973 64776
90.3987 64240
90.3991 63704
90.3996 63168
90.4001 62632
90.4022 62096
90.4027 61560
90.404 61024
90.4045 60488
90.4066 59952
90.4071 59416
90.4076 58880
90.4081 58344
90.4094 57808
90.4099 57352
90.4374 57888
90.4383 58424
90.4397 58960
90.4406 59496
90.4428 60032
90.4437 60568
90.5268 61104
90.5278 61640
90.5381 62176
90.6394 62712
90.6404 63248
90.7284 63784
90.7293 64320
90.7472 64856
90.8414 65392
90.8613 65928
90.9578 66464
91.0543 67000
91.1357 67536
91.1555 68072
91.2494 68608
91.2853 69144
91.367 69680
91.4046 70216
91.504 70752
91.5858 71288
91.6254 71824
91.72 72360
91.7611 72896
91.8455 73432
91.9059 73968
91.9986 74504
92.1013 75040
92.1494 75576
92.1973 76112
92.3025 76648
92.3784 77184
92.5046 77720
92.5569 78256
92.6962 78792
92.782 79328
92.9463 79864
93.1012 80400
93.3122 80936
93.5585 81472
93.8318 82008
96.458 82544
96.8118 83080
97.0631 83616
97.2548 84152
97.4224 84688
97.5677 85224
97.697 85760
97.8179 86296
97.9236 86832
98.0315 87368
98.12 87904
98.208 88440
98.2925 88976
98.3733 89512
98.4496 90048
98.5304 90584
98.5924 91120
98.6588 91656
98.7222 92192
98.7869 92728
98.8471 93264
98.9606 93800
99.0151 94336
99.1257 94872
99.172 95408
99.2216 95944
99.3155 96480
99.3835 97016
99.4246 97552
99.4976 98088
99.5429 98624
99.6248 99160
99.6584 99696
99.694 100232
99.7363 100768
99.7995 101304
99.8516 101840
99.9112 102376
99.9344 102912
99.9638 103448
99.9905 103984
100.037 104520
100.089 105056
100.135 105592
100.186 106128
100.209 106664
100.232 107200
100.258 107736
100.283 107419
100.285 107637
100.286 107855
100.287 108073
100.287 108291
100.288 108510
100.289 108728
100.29 108946
100.292 109164
100.292 109382
100.293 109600
100.297 109819
100.298 110037
100.302 110255
100.302 110473
100.303 110691
100.311 110909
100.311 111128
100.316 111346
100.316 111564
100.319 111782
100.32 112000
100.327 112218
100.328 112437
100.331 112655
100.331 112873
100.334 113091
100.334 113309
100.343 113527
100.343 113746
100.345 113964
100.346 114182
100.346 114400
100.347 114618
100.35 114836
100.35 115055
100.351 115273
100.351 115491
100.355 115709
100.355 115927
100.357 116146
100.357 116364
100.363 116582
100.363 116800
100.364 117018
100.364 117236
100.365 117455
100.365 117673
100.367 117891
100.368 118109
100.369 118327
100.369 118545
100.37 118764
100.372 94496
100.373 93960
100.376 93424
100.376 92888
100.376 92352
100.377 91816
100.382 91280
100.382 90744
100.388 90208
100.388 89672
100.389 89136
100.389 88600
100.39 88064
100.39 87528
100.39 86992
100.391 86456
100.391 85920
100.392 85384
100.392 84848
100.393 84312
100.393 83776
100.394 83297
100.394 83515
100.395 83733
100.395 83952
100.396 84170
100.396 84388
100.397 84606
100.397 84824
100.398 85042
100.398 85261
100.398 85479
100.399 85697
100.399 85915
100.4 86133
100.4 86351
100.401 86570
100.401 75040
100.484 75576
100.487 76112
100.488 76648
100.489 77184
100.491 77720
100.492 78256
100.687 78792
100.692 79328
100.703 79864
100.717 80400
100.731 80936
100.749 81472
100.891 82008
100.904 82544
100.915 83080
100.93 83616
100.948 84152
101.091 84688
101.097 85224
101.109 85760
101.125 86296
101.143 86832
101.162 87368
101.313 87904
101.336 88440
101.364 88976
101.387 89512
101.416 90048
101.547 90584
101.579 91120
101.612 91656
101.646 92192
101.677 92728
101.813 93264
101.84 93800
101.876 94336
101.907 94872
101.943 95408
101.946 95092
101.946 95311
101.947 95530
101.948 95750
101.95 95969
101.95 96188
101.951 96407
101.952 96627
101.953 96846
101.953 97065
101.955 97284
101.956 97504
101.957 97723
101.958 97942
101.958 98162
101.959 98381
101.96 98600
101.962 98819
101.962 99039
101.963 99258
101.964 99477
101.965 99696
101.967 99916
101.967 100135
101.968 100354
101.969 100574
101.97 100793
101.972 101012
101.972 101231
101.973 101451
101.974 101670
101.975 101889
101.975 102108
101.976 102328
101.977 102547
101.979 102766
101.979 102986
101.98 103205
102.099 103424
102.1 103643
102.1 103863
102.102 104082
102.102 104301
102.104 104520
102.105 104740
102.105 104959
102.106 105178
102.107 105398
102.107 105617
102.109 105836
102.11 106055
102.112 106275
102.113 106494
102.114 106713
102.115 106932
102.116 107152
102.116 107371
102.117 107590
102.118 107810
102.12 108029
102.121 91192
102.121 90656
102.122 90120
102.123 89584
102.125 89048
102.125 88512
102.126 87976
102.127 87440
102.128 86904
102.13 86368
102.13 85832
102.131 85296
102.132 84760
102.133 84224
102.134 83688
102.134 83152
102.135 82616
102.137 82080
102.138 81544
102.138 81008
102.139 80472
102.14 79936
102.142 79400
102.142 78864
102.143 78328
102.144 77792
102.145 77256
102.147 76720
102.147 76184
102.148 75648
102.149 75112
102.15 74576
102.151 74040
102.151 73504
102.152 72968
102.154 72432
102.154 71896
102.156 71360
102.156 70824
102.157 70288
102.159 69752
102.159 69216
102.16 68680
102.161 68144
102.162 67608
102.164 67072
102.164 66536
102.165 66464
102.411 67000
102.432 67536
102.443 68072
102.473 68608
102.613 69144
102.652 69680
102.671 70216
102.763 70752
102.854 71288
102.875 71824
102.966 72360
103.056 72896
103.088 73432
103.256 73968
103.296 74504
103.407 75040
103.495 75576
103.57 76112
103.71 76648
103.791 77184
103.868 77720
104.062 78256
104.137 78792
104.325 79328
104.52 79864
104.723 80400
104.926 80936
107.643 81472
107.994 82008
108.241 82544
108.439 83080
108.605 83616
108.751 84152
108.879 84688
108.999 85224
109.108 85760
109.209 86296
109.303 86832
109.391 87368
109.476 87904
109.556 88440
109.631 88976
109.705 89512
109.774 90048
109.841 90584
109.905 91120
109.97 91656
110.03 92192
110.151 92728
110.248 93264
110.353 93800
110.383 94336
110.451 94872
110.544 95408
110.57 95944
110.605 96480
110.654 97016
110.728 97552
110.765 98088
110.786 98624
110.838 99160
110.893 99696
110.958 100232
110.975 100768
111.004 101304
111.045 101840
111.096 102376
111.157 102912
111.175 103448
111.194 103984
111.244 104520
111.287 105056
111.353 105592
111.393 106128
111.417 106664
111.446 107200
111.476 107736
111.523 108272
111.558 108808
111.627 109344
111.655 109880
111.679 110416
111.702 110952
111.727 111488
111.751 112024
111.79 112560
111.823 113096
111.864 113632
111.914 114168
111.938 114704
111.956 115240
111.979 115776
112.002 116312
112.024 116848
112.047 117384
112.081 117920
112.131 118456
112.182 118992
112.199 119528
112.218 120064
112.237 120600
112.256 121136
112.274 121672
112.295 122208
112.31 121891
112.31 122109
112.311 122327
112.312 122545
112.314 122763
112.314 122982
112.315 123200
112.316 123418
112.317 123636
112.317 123854
112.319 124073
112.32 124291
112.321 124509
112.322 124727
112.322 124945
112.324 125164
112.325 125382
112.326 125600
112.326 125818
112.327 126036
112.328 126255
112.329 126473
112.331 126691
112.331 126909
112.332 127127
112.333 127346
112.334 127564
112.336 127782
112.336 128000
112.337 128218
112.338 128437
112.339 128655
112.339 128873
112.341 129091
112.342 129309
112.343 129528
112.343 129746
112.344 129964
112.345 130182
112.346 130400
112.348 130618
112.348 130837
112.349 131055
112.35 131273
112.351 131491
112.353 131709
112.353 131928
112.354 97920
112.355 97384
112.355 97126
112.357 97345
112.357 97563
112.358 97781
112.36 97999
112.36 98217
112.361 98436
112.362 98654
112.363 98872
112.365 99090
112.374 99308
112.375 99527
112.385 99745
112.385 99963
112.403 100181
112.404 100399
112.404 100618
112.405 100836
112.405 101054
112.406 101272
112.407 101490
112.408 101709
112.409 85224
112.511 85760
112.513 86296
112.713 86832
112.714 87368
112.715 87904
112.715 88440
112.716 88976
112.717 89512
112.718 90048
112.719 90584
112.72 91120
112.722 91656
112.749 92192
112.768 92728
112.914 93264
112.92 93800
112.936 94336
112.953 94872
112.974 95408
112.994 95944
113.126 96480
113.14 97016
113.157 97552
113.174 98088
113.196 98624
113.333 99160
113.356 99696
113.382 100232
113.409 100768
113.44 101304
113.469 101840
113.59 102376
113.623 102912
113.652 103448
113.682 103984
113.713 104520
113.746 104204
113.747 104423
113.747 104643
113.749 104862
113.749 105081
113.751 105301
113.752 105520
113.752 105740
113.753 105959
113.754 106178
113.755 106398
113.756 106617
113.756 106837
113.858 107056
113.858 107275
113.859 107495
113.859 107714
113.861 107934
113.861 108153
113.862 108372
113.864 108592
113.864 108811
113.865 109031
113.867 109250
113.867 109469
113.869 109689
113.869 109908
113.869 110128
113.871 110347
113.871 110566
113.873 110786
113.874 111005
113.874 111225
113.876 111444
113.876 111663
113.878 111883
113.879 112102
113.879 112322
113.881 112541
113.881 112760
113.883 112980
113.884 113199
113.884 113419
113.885 113638
113.886 113857
113.886 114077
113.888 114296
113.888 114516
113.89 114735
113.891 114954
113.891 115174
113.893 115393
113.893 115613
113.895 115832
113.896 94048
113.896 93512
113.898 92976
113.898 92440
113.9 91904
113.901 91368
113.901 90832
113.902 90296
113.903 89760
113.904 89224
113.905 88688
113.905 88152
113.907 87616
113.908 87080
113.908 86544
113.91 86008
113.91 85472
113.912 84936
113.913 84400
113.913 83864
113.914 83328
113.915 82792
113.916 82256
113.917 81720
113.917 81184
113.919 80648
113.92 80238
113.921 80457
113.922 80676
113.922 80896
113.924 81115
113.925 81335
113.926 81554
113.926 81773
113.927 81993
113.929 82212
113.93 82432
113.931 82651
113.931 82870
113.932 83090
113.933 72896
114.261 73432
114.293 73968
114.294 74504
114.316 75040
114.342 75576
114.496 76112
114.518 76648
114.548 77184
114.696 77720
114.715 78256
114.742 78792
114.866 79328
114.918 79864
114.953 80400
115.109 80936
115.132 81472
115.168 82008
115.343 82544
115.408 83080
115.541 83616
115.628 84152
115.785 84688
115.868 85224
115.944 85760
116.146 86296
116.229 85980
116.23 86199
116.23 86418
116.232 86637
116.232 86856
116.233 87075
116.234 87294
116.234 87513
116.236 87733
116.237 87952
116.238 88171
116.239 88390
116.329 88609
116.329 88828
116.329 89047
116.33 89266
116.33 89486
116.331 89705
116.331 89924
116.332 90143
116.332 90362
116.333 90581
116.333 90800
116.334 91019
116.334 91238
116.335 91458
116.335 91677
116.336 91896
116.336 92115
116.337 92334
116.337 92553
116.338 92772
116.338 92991
116.338 93211
116.339 93430
116.339 93649
116.34 93868
116.34 94087
116.341 94306
116.341 94525
116.342 94744
116.342 94964
116.343 95183
116.343 95402
116.344 95621
116.344 95840
116.345 96059
116.345 96278
116.346 96497
116.346 96716
116.346 96936
116.347 97155
116.347 97374
116.348 97593
116.348 97812
116.349 98031
116.349 98250
116.35 98469
116.35 98689
116.351 98908
116.351 99127
116.352 99346
116.352 99565
116.353 99784
116.353 100003
116.354 100222
116.354 87984
116.355 87448
116.355 86912
116.355 86376
116.356 85840
116.356 85304
116.357 84768
116.357 84232
116.358 83696
116.358 83160
116.359 82624
116.359 82088
116.36 81552
116.36 81016
116.361 80480
116.361 79944
116.362 79408
116.362 78872
116.363 78336
116.363 77800
116.363 77264
116.364 76728
116.364 76192
116.365 75656
116.365 75120
116.366 74584
116.366 74048
116.368 73512
116.369 72976
116.369 72440
116.37 71904
116.371 71368
116.372 70832
116.373 70296
116.373 69760
116.376 69224
116.376 68688
116.377 68152
116.378 67616
116.378 67080
116.379 66544
116.381 66008
116.381 65472
116.383 64936
116.383 64400
116.385 63864
116.386 63328
116.387 62792
116.388 62256
116.388 61720
116.389 61184
116.39 60648
116.39 60112
116.393 60032
116.431 60568
116.432 61104
116.433 61640
116.434 62176
116.545 62712
116.648 63248
116.739 63784
116.834 64320
116.86 64856
116.955 65392
117.044 65928
117.136 66464
117.238 67000
117.272 67536
117.385 68072
117.512 68608
117.634 69144
117.77 69680
117.903 70216
118.041 70752
118.189 71288
118.379 71824
118.582 72360
118.789 72896
121.503 73432
121.857 73968
122.103 74504
122.3 75040
122.468 75576
122.616 76112
122.744 76648
122.862 77184
122.974 77720
123.07 78256
123.167 78792
123.255 79328
123.337 79864
123.42 80400
123.497 80936
123.567 81472
123.638 82008
123.704 82544
123.767 83080
123.831 83616
123.892 84152
124.009 84688
124.112 85224
124.171 85760
124.271 86296
124.327 86832
124.352 87368
124.414 87904
124.502 88440
124.532 88976
124.551 89512
124.587 90048
124.675 90584
124.726 91120
124.746 91656
124.766 92192
124.829 92728
124.901 93264
124.933 93800
124.949 94336
124.97 94872
125.042 95408
125.104 95944
125.134 96480
125.149 97016
125.166 97552
125.193 98088
125.274 98624
125.328 99160
125.353 99696
125.376 100232
125.4 100768
125.424 101304
125.474 101840
125.53 102376
125.577 102912
125.606 103448
125.631 103984
125.655 104520
125.677 105056
125.7 105592
125.722 106128
125.789 106664
125.83 107200
125.863 107736
125.884 108272
125.902 108808
125.921 109344
125.942 109880
125.963 110416
125.983 110952
126.022 111488
126.08 112024
126.113 112560
126.135 113096
126.153 113632
126.17 114168
126.189 114704
126.206 115240
126.225 115776
126.245 116312
126.266 116848
126.269 116531
126.271 116749
126.271 116968
126.273 117186
126.273 117404
126.274 117623
126.275 117841
126.276 118059
126.278 118278
126.278 118496
126.279 118715
126.287 118933
126.287 119151
126.288 119370
126.312 119588
126.312 119806
126.314 120025
126.315 120243
126.319 120462
126.319 120680
126.334 120898
126.334 121117
126.344 121335
126.345 121553
126.359 121772
126.36 121990
126.361 122208
126.362 122427
126.362 122645
126.367 122864
126.367 123082
126.368 123300
126.368 123519
126.37 123737
126.371 123955
126.375 124174
126.375 124392
126.378 124611
126.379 124829
126.382 125047
126.382 125266
126.383 125484
126.384 125702
126.384 125921
126.385 126139
126.386 126358
126.387 126576
126.389 126794
126.389 127013
126.39 96912
126.391 96376
126.392 95840
126.394 95304
126.394 94768
126.396 94232
126.397 93696
126.397 93160
126.398 92624
126.398 92099
126.399 92318
126.399 92536
126.4 92754
126.4 92973
126.401 93191
126.401 93409
126.402 93628
126.402 93846
126.402 94064
126.403 94283
126.403 94501
126.404 94720
126.404 94938
126.405 95156
126.405 95375
126.406 95593
126.406 95811
126.407 96030
126.407 96248
126.408 81472
126.473 82008
126.474 82544
126.475 83080
126.476 83616
126.477 84152
126.478 84688
126.675 85224
126.676 85760
126.687 86296
126.699 86832
126.714 87368
126.73 87904
126.748 88440
126.887 88976
126.898 89512
126.911 90048
126.926 90584
126.942 91120
127.078 91656
127.087 92192
127.1 92728
127.116 93264
127.132 93800
127.153 94336
127.291 94872
127.317 95408
127.341 95944
127.367 96480
127.398 97016
127.43 97552
127.557 98088
127.589 98624
127.614 99160
127.642 99696
127.676 100232
127.818 100768
127.836 101304
127.864 101840
127.898 102376
127.932 102059
127.932 102277
127.934 102496
127.935 102714
127.935 102932
127.937 103151
127.937 103369
127.939 103587
127.94 103806
127.94 104024
127.941 104243
127.942 104461
127.942 104679
127.944 104898
127.944 105116
127.946 105334
127.947 105553
127.947 105771
127.949 105990
127.949 106208
127.951 106426
127.952 106645
127.952 106863
127.954 107081
127.954 107300
127.956 107518
127.957 107736
127.957 107955
127.958 108173
127.959 108392
127.96 108610
127.961 108828
127.961 109047
127.963 109265
127.964 109483
127.964 109702
127.966 109920
127.966 110139
127.968 110357
127.969 110575
127.969 110794
127.97 111012
127.971 111230
127.973 111449
127.974 111667
127.974 111886
127.975 112104
127.976 112322
127.977 112541
127.978 112759
127.978 112977
127.98 113196
127.981 113414
127.982 113632
127.982 113851
127.983 114069
127.985 93088
127.986 92552
127.986 92016
127.987 91480
127.988 90944
127.99 90408
127.99 89872
127.991 89336
128.104 88800
128.105 88264
128.105 87728
128.106 87192
128.106 86656
128.107 86120
128.108 85584
128.109 85048
128.11 84512
128.11 83976
128.111 83440
128.113 82904
128.113 82368
128.115 81832
128.115 81296
128.116 80760
128.118 80224
128.118 79688
128.12 79152
128.12 78616
128.121 78080
128.123 78224
128.123 78442
128.125 78660
128.125 78879
128.125 79097
128.127 79315
128.127 79534
128.128 79752
128.13 79970
128.13 80189
128.132 80030
128.132 79871
128.133 71288
128.404 71824
128.423 72360
128.428 72896
128.459 73432
128.482 73968
128.637 74504
128.659 75040
128.808 75576
128.829 76112
128.85 76648
128.884 77184
129.028 77720
129.048 78256
129.082 78792
129.248 79328
129.29 79864
129.354 80400
129.521 80936
129.578 81472
129.718 82008
129.791 82544
129.867 83080
130.054 83616
130.114 84152
130.32 84688
130.492 85224
130.56 85760
130.763 86296
131.098 86832
132.24 86518
132.241 86739
132.241 86960
132.244 87181
132.244 87402
132.245 87623
132.246 87844
132.246 88065
132.248 88286
132.248 88507
132.25 88729
132.251 88950
132.251 89171
132.252 89392
132.253 89613
132.255 89834
132.256 90055
132.256 90276
132.257 90497
132.258 90718
132.258 90940
132.26 91161
132.261 91382
132.262 91603
132.263 91824
132.263 92045
132.265 92266
132.265 92487
132.267 92708
132.268 92929
132.268 93151
132.342 93372
132.342 93593
132.343 93814
132.343 94035
132.344 94256
132.344 94477
132.345 94698
132.345 94919
132.346 95140
132.346 95362
132.347 95583
132.347 95804
132.348 96025
132.348 96246
132.349 96467
132.349 96688
132.349 96909
132.35 97130
132.35 97351
132.351 97573
132.351 97794
132.352 98015
132.352 98236
132.353 98457
132.353 98678
132.354 98899
132.354 99120
132.355 99341
132.355 99562
132.356 99784
132.356 100005
132.357 100226
132.357 100447
132.358 100668
132.358 100889
132.358 87848
132.359 87312
132.359 86776
132.36 86240
132.36 85704
132.361 85168
132.361 84632
132.362 84096
132.362 83560
132.363 83024
132.363 82488
132.364 81952
132.364 81416
132.366 80880
132.366 80344
132.368 79808
132.368 79272
132.369 78736
132.369 78200
132.37 77664
132.371 77128
132.373 76592
132.373 76056
132.375 75520
132.375 74984
132.377 74448
132.378 73912
132.378 73376
132.379 72840
132.38 72304
132.381 71768
132.383 71232
132.383 70696
132.385 70160
132.385 69624
132.385 69088
132.386 68552
132.387 68016
132.388 67480
132.39 66944
132.39 66408
132.392 65872
132.392 65336
132.394 64800
132.395 64264
132.395 63728
132.396 63192
132.397 62656
132.398 62120
132.4 61584
132.4 61048
132.401 60568
132.442 61104
132.443 61640
132.445 62176
132.446 62712
132.447 63248
132.448 63784
132.454 64320
132.544 64856
132.545 65392
132.644 65928
132.644 66464
132.645 67000
132.686 67536
132.746 68072
132.856 68608
132.88 69144
132.956 69680
133.057 70216
133.077 70752
133.15 71288
133.25 71824
133.272 72360
133.299 72896
133.382 73432
133.407 73968
133.511 74504
133.549 75040
133.592 75576
133.669 76112
133.774 76648
133.82 77184
133.862 77720
133.947 78256
134.051 78792
134.103 79328
134.195 79864
134.287 80400
134.317 80936
134.397 81472
134.496 82008
134.531 82544
134.634 83080
134.743 83616
134.893 84152
135.095 84688
135.138 85224
135.374 85760
135.642 86296
135.906 86832
138.568 87368
138.941 87904
139.167 88440
139.364 88976
139.533 89512
139.675 90048
139.805 90584
139.924 91120
140.032 91656
140.139 92192
140.228 92728
140.317 93264
140.402 93800
140.482 94336
140.556 94872
140.63 95408
140.704 95944
140.777 96480
140.831 97016
140.893 97552
140.954 98088
141.069 98624
141.124 99160
141.216 99696
141.291 100232
141.383 100768
141.432 101304
141.497 101840
141.56 102376
141.629 102912
141.677 103448
141.72 103984
141.772 104520
141.816 105056
141.863 105592
141.923 106128
141.958 106664
141.989 107200
142.036 107736
142.074 108272
142.107 108808
142.169 109344
142.21 109880
142.233 110416
142.26 110952
142.295 111488
142.338 112024
142.369 112560
142.397 113096
142.411 113632
142.433 114168
142.463 114704
142.496 115240
142.54 115776
142.572 116312
142.6 116848
142.614 117384
142.637 117920
142.665 118456
142.698 118992
142.743 119528
142.775 120064
142.802 120600
142.816 121136
142.837 121672
142.863 122208
142.894 122744
142.936 123280
142.969 123816
142.997 124352
143.01 124888
143.026 125424
143.123 125960
143.836 123115
143.837 123362
143.837 123597
143.839 123844
143.84 124079
143.84 124326
143.842 124561
143.842 124808
143.844 125043
143.845 125290
143.845 125525
143.846 125772
143.847 126007
143.847 126254
143.849 126489
143.85 126736
143.851 126971
143.852 127218
143.852 127452
143.853 127700
143.854 127934
143.854 128182
143.856 128416
143.857 128664
143.858 128898
143.859 129146
143.859 129380
143.861 129628
143.862 129862
143.862 130110
143.863 130344
143.864 130592
143.866 130826
143.866 131074
143.867 131308
143.868 131556
143.869 131790
143.869 132038
143.872 132272
143.873 132520
143.881 132754
143.882 133002
143.883 133236
143.884 133484
143.886 133718
143.886 133966
143.887 99280
143.888 99342
143.89 99576
143.891 99824
143.892 100058
143.892 100306
143.899 100540
143.899 100788
143.901 101022
143.902 101270
143.903 101504
143.904 101752
143.912 101986
143.913 102234
143.916 102468
143.916 102716
143.919 102950
143.92 103198
143.927 103432
143.927 103680
143.936 103914
143.937 104162
143.941 104396
143.942 87904
144.346 88440
144.357 88976
144.368 89512
144.38 90048
144.394 90584
144.41 91120
144.546 91656
144.552 92192
144.564 92728
144.575 93264
144.589 93800
144.603 94336
144.619 94872
144.751 95408
144.762 95944
144.775 96480
144.789 97016
144.803 97552
144.82 98088
144.95 98624
144.961 99160
144.973 99696
144.987 100232
145.005 100768
145.022 101304
145.151 101840
145.164 102376
145.179 102912
145.197 103448
145.225 103984
145.258 104520
145.373 105056
145.401 105592
145.428 106128
145.457 106664
145.494 107200
145.532 107736
145.654 108272
145.688 108808
145.719 109344
145.75 109880
145.766 109564
145.767 109783
145.767 110002
145.77 110221
145.77 110440
145.771 110659
145.772 110879
145.772 111098
145.774 111317
145.775 111536
145.776 111755
145.777 111974
145.777 112193
145.778 112413
145.779 112632
145.781 112851
145.782 113070
145.782 113289
145.783 113508
145.784 113728
145.784 113947
145.786 114166
145.787 114385
145.788 114604
145.789 114823
145.789 115042
145.79 115262
145.791 115481
145.793 115700
145.794 115919
145.794 116138
145.795 116357
145.796 116577
145.798 116796
145.798 117015
145.799 117234
145.8 117453
145.801 117672
145.803 117891
145.803 118111
145.804 118330
145.805 118549
145.806 118768
145.806 118987
145.807 119206
145.808 119426
145.81 119645
145.811 119864
145.811 120083
145.812 120302
145.813 120521
145.815 120740
145.815 95152
145.816 94616
145.817 94080
145.818 93544
145.82 93008
145.82 92472
145.821 91936
145.822 91400
145.823 90864
145.824 90328
145.917 89792
145.918 89256
145.919 88720
145.919 88184
145.921 87648
145.922 87112
145.922 86576
145.923 86040
145.925 85504
145.926 85651
145.927 85870
145.927 86089
145.928 86308
145.929 86527
145.93 86746
145.932 86966
145.932 87185
145.933 87404
145.934 87623
145.934 87842
145.937 88061
145.937 88280
145.938 88500
145.939 88719
145.939 88938
145.942 76648
146.289 77184
146.29 77720
146.31 78256
146.332 78792
146.491 79328
146.5 79864
146.524 80400
146.549 80936
146.697 81472
146.721 82008
146.745 82544
146.894 83080
146.917 83616
146.942 84152
147.096 84688
147.115 85224
147.152 85760
147.311 86296
147.356 86832
147.427 87368
147.592 87904
147.65 88440
147.814 88976
147.887 89512
147.944 90048
148.144 90584
148.224 90270
148.226 90491
148.227 90713
148.228 90934
148.229 91156
148.229 91377
148.231 91599
148.232 91820
148.233 92042
148.234 92263
148.234 92485
148.235 92706
148.236 92927
148.238 93149
148.238 93370
148.239 93592
148.24 93813
148.241 94035
148.241 94256
148.243 94478
148.244 94699
148.245 94921
148.246 95142
148.246 95364
148.248 95585
148.249 95806
148.25 96028
148.25 96249
148.251 96471
148.252 96692
148.253 96914
148.255 97135
148.255 97357
148.342 97578
148.342 97800
148.343 98021
148.343 98243
148.344 98464
148.344 98685
148.345 98907
148.345 99128
148.346 99350
148.346 99571
148.347 99793
148.347 100014
148.347 100236
148.348 100457
148.348 100679
148.349 100900
148.349 101122
148.35 101343
148.35 101564
148.351 101786
148.351 102007
148.352 102229
148.352 102450
148.353 102672
148.353 102893
148.354 103115
148.354 103336
148.355 103558
148.355 103779
148.356 104001
148.356 89536
148.356 89000
148.357 88464
148.357 87928
148.358 87392
148.358 86856
148.359 86320
148.359 85784
148.36 85248
148.36 84712
148.361 84176
148.361 83640
148.362 83104
148.362 82568
148.363 82032
148.363 81496
148.364 80960
148.364 80424
148.364 79888
148.365 79352
148.365 78816
148.366 78280
148.366 77744
148.367 77208
148.367 76672
148.368 76136
148.368 75600
148.369 75064
148.369 74528
148.37 73992
148.37 73456
148.371 72920
148.371 72384
148.372 71848
148.372 71312
148.372 70776
148.373 70240
148.373 69704
148.374 69168
148.374 68632
148.375 68096
148.375 67560
148.376 67024
148.376 66488
148.377 65952
148.377 65416
148.378 64880
148.378 64344
148.379 63808
148.379 63272
148.38 63248
148.426 63784
148.428 64320
148.43 64856
148.431 65392
148.549 65928
148.644 66464
148.674 67000
148.836 67536
148.856 68072
148.947 68608
149.039 69144
149.069 69680
149.233 70216
149.271 70752
149.325 71288
149.484 71824
149.565 72360
149.731 72896
149.806 73432
149.984 73968
150.076 74504
150.264 75040
150.466 75576
150.669 76112
150.872 76648
153.553 77184
153.904 77720
154.153 78256
154.349 78792
154.516 79328
154.709 79864
154.792 80400
154.911 80936
155.022 81472
155.119 82008
155.213 82544
155.316 83080
155.387 83616
155.47 84152
155.555 84688
155.614 85224
155.686 85760
155.751 86296
155.826 86832
155.88 87368
155.939 87904
156.056 88440
156.165 88976
156.219 89512
156.296 90048
156.356 90584
156.398 91120
156.477 91656
156.545 92192
156.565 92728
156.601 93264
156.679 93800
156.725 94336
156.758 94872
156.782 95408
156.825 95944
156.897 96480
156.949 97016
156.964 97552
156.986 98088
157.027 98624
157.089 99160
157.141 99696
157.161 100232
157.178 100768
157.213 101304
157.265 101840
157.327 102376
157.369 102912
157.393 103448
157.418 103984
157.446 104520
157.486 105056
157.539 105592
157.585 106128
157.629 106664
157.655 107200
157.676 107736
157.701 108272
157.724 108808
157.748 109344
157.789 109880
157.846 110416
157.877 110952
157.912 111488
157.929 112024
157.948 112560
157.969 113096
157.989 113632
158.011 114168
158.032 114704
158.036 114386
158.037 114603
158.037 114821
158.039 115038
158.04 115256
158.041 115473
158.042 115691
158.049 115908
158.049 116125
158.054 116343
158.054 116560
158.055 116778
158.066 116995
158.067 117213
158.068 117430
158.069 117647
158.071 117865
158.071 118082
158.075 118300
158.076 118517
158.082 118735
158.082 118952
158.09 119169
158.091 119387
158.096 119604
158.097 119822
158.111 120039
158.111 120257
158.114 120474
158.115 120692
158.117 120909
158.117 121126
158.123 121344
158.123 121561
158.124 121779
158.129 121996
158.13 122214
158.13 122431
158.131 122648
158.131 122866
158.132 123083
158.136 123301
158.136 123518
158.137 123736
158.138 123953
158.138 124170
158.139 124388
158.14 124605
158.141 124823
158.143 125040
158.143 96352
158.152 95816
158.153 95280
158.153 94744
158.156 94208
158.157 93672
158.16 93136
158.161 92600
158.162 92064
158.163 91528
158.164 90992
158.165 90456
158.169 90070
158.17 90287
158.172 90505
158.172 90722
158.174 90939
158.175 91157
158.175 91374
158.176 91592
158.179 91809
158.179 92027
158.182 92244
158.182 92461
158.182 92679
158.184 92896
158.184 93114
158.185 93331
158.186 93549
158.186 93766
158.189 93983
158.189 79864
158.506 80400
158.52 80936
158.532 81472
158.544 82008
158.558 82544
158.572 83080
158.708 83616
158.722 84152
158.733 84688
158.745 85224
158.76 85760
158.775 86296
158.909 86832
158.923 87368
158.936 87904
158.947 88440
158.963 88976
158.978 89512
159.111 90048
159.126 90584
159.14 91120
159.156 91656
159.172 92192
159.191 92728
159.331 93264
159.357 93800
159.381 94336
159.41 94872
159.436 95408
159.56 95944
159.587 96480
159.622 97016
159.651 97552
159.685 98088
159.719 98624
159.848 99160
159.876 99696
159.907 100232
159.941 100768
159.977 100452
159.977 100671
159.978 100890
159.979 101109
159.979 101328
159.981 101547
159.982 101766
159.982 101985
159.984 102204
159.984 102423
159.985 102642
159.987 102861
159.987 103080
159.989 103299
159.989 103518
159.99 103737
159.991 103956
159.991 104175
159.994 104394
159.994 104613
159.994 104832
159.996 105051
159.996 105270
159.998 105489
159.999 105708
159.999 105927
160.001 106146
160.001 106365
160.003 106584
160.004 106803
160.004 107022
160.006 107241
160.006 107460
160.006 107679
160.008 107898
160.008 108117
160.01 108336
160.011 108555
160.011 108774
160.013 108993
160.013 109212
160.015 109431
160.016 109650
160.016 109869
160.018 110088
160.018 110307
160.132 110526
160.133 110745
160.134 110964
160.135 111183
160.136 111402
160.136 111621
160.138 111840
160.138 112059
160.14 112278
160.141 112497
160.141 112716
160.143 92680
160.143 92144
160.145 91608
160.146 91072
160.146 90536
160.147 90000
160.148 89464
160.15 88928
160.151 88392
160.151 87856
160.152 87320
160.153 86784
160.154 86248
160.155 85712
160.155 85176
160.157 84640
160.158 84104
160.158 83568
160.16 83032
160.16 82496
160.162 81960
160.163 81424
160.163 80888
160.164 80352
160.165 79816
160.167 79280
160.168 78744
160.168 78208
160.169 77672
160.17 77136
160.171 76600
160.172 76644
160.172 76863
160.174 77082
160.175 77301
160.176 77520
160.176 77361
160.177 77203
160.179 77044
160.18 76886
160.18 76727
160.181 76569
160.182 70216
160.429 70752
160.466 71288
160.467 71824
160.491 72360
160.515 72896
160.671 73432
160.692 73968
160.725 74504
160.879 75040
160.9 75576
160.931 76112
161.08 76648
161.097 77184
161.131 77720
161.302 78256
161.344 78792
161.478 79328
161.548 79864
161.631 80400
161.787 80936
161.873 81472
162.03 82008
162.118 82544
162.197 83080
162.393 83616
162.547 84152
162.749 84688
162.995 85224
164.248 84910
164.248 85132
164.249 85354
164.251 85576
164.251 85798
164.253 86020
164.253 86242
164.254 86464
164.255 86686
164.255 86908
164.258 87130
164.258 87351
164.259 87573
164.26 87795
164.26 88017
164.263 88239
164.263 88461
164.263 88683
164.265 88905
164.265 89127
164.266 89349
164.268 89571
164.268 89792
164.27 90014
164.27 90236
164.338 90458
164.339 90680
164.339 90902
164.339 91124
164.34 91346
164.34 91568
164.341 91790
164.341 92012
164.342 92233
164.342 92455
164.343 92677
164.343 92899
164.344 93121
164.344 93343
164.345 93565
164.345 93787
164.346 94009
164.346 94231
164.347 94453
164.347 94674
164.348 94896
164.348 95118
164.348 95340
164.349 95562
164.349 95784
164.35 96006
164.35 96228
164.351 96450
164.351 96672
164.352 96894
164.353 97116
164.354 97337
164.354 97559
164.355 97781
164.357 98003
164.357 98225
164.359 98447
164.359 98669
164.36 98891
164.361 99113
164.363 99335
164.363 99557
164.364 87224
164.364 86688
164.366 86152
164.366 85616
164.368 85080
164.369 84544
164.37 84008
164.371 83472
164.371 82936
164.372 82400
164.374 81864
164.374 81328
164.375 80792
164.376 80256
164.377 79720
164.378 79184
164.38 78648
164.38 78112
164.381 77576
164.381 77040
164.383 76504
164.383 75968
164.385 75432
164.386 74896
164.387 74360
164.388 73824
164.39 73288
164.39 72752
164.391 72216
164.391 71680
164.392 71144
164.393 70608
164.394 70072
164.395 69536
164.397 69000
164.397 68464
164.398 67928
164.398 67392
164.4 66856
164.4 66320
164.402 65784
164.403 65248
164.404 64712
164.404 64176
164.407 63640
164.407 63104
164.408 62568
164.408 62032
164.409 61496
164.41 60960
164.411 60424
164.412 59888
164.414 59496
164.449 60032
164.45 60568
164.453 61104
164.453 61640
164.455 62176
164.456 62712
164.465 63248
164.54 63784
164.541 64320
164.651 64856
164.652 65392
164.66 65928
164.742 66464
164.753 67000
164.873 67536
164.944 68072
165.055 68608
165.061 69144
165.078 69680
165.149 70216
165.257 70752
165.283 71288
165.321 71824
165.391 72360
165.496 72896
165.535 73432
165.574 73968
165.648 74504
165.751 75040
165.801 75576
165.843 76112
165.926 76648
166.027 77184
166.077 77720
166.123 78256
166.286 78792
166.31 79328
166.374 79864
166.488 80400
166.524 80936
166.625 81472
166.727 82008
166.892 82544
167.028 83080
167.132 83616
167.364 84152
167.629 84688
167.896 85224
170.539 85760
170.924 86296
171.14 86832
171.338 87368
171.504 87904
171.649 88440
171.782 88976
171.899 89512
172.006 90048
172.137 90584
172.202 91120
172.291 91656
172.374 92192
172.454 92728
172.531 93264
172.603 93800
172.675 94336
172.739 94872
172.805 95408
172.871 95944
172.927 96480
173.042 97016
173.099 97552
173.198 98088
173.272 98624
173.356 99160
173.416 99696
173.473 100232
173.535 100768
173.591 101304
173.659 101840
173.699 102376
173.737 102912
173.79 103448
173.838 103984
173.904 104520
173.941 105056
173.969 105592
174 106128
174.043 106664
174.088 107200
174.136 107736
174.188 108272
174.222 108808
174.249 109344
174.273 109880
174.3 110416
174.343 110952
174.382 111488
174.409 112024
174.423 112560
174.439 113096
174.465 113632
174.496 114168
174.528 114704
174.572 115240
174.611 115776
174.624 116312
174.64 116848
174.667 117384
174.695 117920
174.726 118456
174.767 118992
174.811 119528
174.825 120064
174.84 120600
174.864 121136
174.893 121672
174.919 122208
174.962 122744
175.003 123280
175.022 123816
175.036 124352
175.053 124888
175.078 125424
175.189 125960
175.882 123613
175.883 123844
175.884 124088
175.884 124319
175.885 124564
175.886 124795
175.886 125039
175.888 125270
175.889 125515
175.89 125746
175.891 125990
175.891 126221
175.893 126465
175.894 126696
175.894 126941
175.895 127172
175.896 127416
175.898 127647
175.898 127892
175.899 128123
175.9 128367
175.901 128598
175.901 128842
175.902 129073
175.903 129318
175.905 129549
175.905 129793
175.906 130024
175.907 130269
175.908 130500
175.908 130744
175.91 130975
175.911 131219
175.912 131450
175.912 131695
175.913 131926
175.915 132170
175.915 132401
175.916 132646
175.924 132877
175.924 133121
175.928 133352
175.929 133597
175.929 133827
175.93 134072
175.931 134303
175.931 99864
175.937 99826
175.937 100070
175.952 100301
175.953 100546
175.96 100776
175.96 101021
175.961 101252
175.961 101496
175.965 101727
175.965 101972
175.966 102203
175.966 102447
175.967 102678
175.967 102923
175.969 103153
175.97 103398
175.974 103629
175.974 103873
175.975 104104
175.975 104349
175.975 104580
175.976 104824
175.978 105055
175.978 87904
176.377 88440
176.388 88976
176.399 89512
176.412 90048
176.426 90584
176.441 91120
176.579 91656
176.583 92192
176.594 92728
176.606 93264
176.62 93800
176.636 94336
176.65 94872
176.782 95408
176.793 95944
176.805 96480
176.819 97016
176.834 97552
176.851 98088
176.982 98624
176.992 99160
177.006 99696
177.018 100232
177.036 100768
177.053 101304
177.184 101840
177.195 102376
177.215 102912
177.243 103448
177.275 103984
177.303 104520
177.423 105056
177.444 105592
177.473 106128
177.505 106664
177.537 107200
177.575 107736
177.707 108272
177.727 108808
177.759 109344
177.792 109880
177.808 109564
177.809 109783
177.809 110002
177.81 110221
177.811 110440
177.812 110659
177.814 110879
177.814 111098
177.815 111317
177.816 111536
177.816 111755
177.819 111974
177.819 112193
177.82 112413
177.821 112632
177.821 112851
177.823 113070
177.824 113289
177.824 113508
177.826 113728
177.826 113947
177.828 114166
177.828 114385
177.828 114604
177.831 114823
177.831 115042
177.832 115262
177.833 115481
177.833 115700
177.836 115919
177.836 116138
177.836 116357
177.838 116577
177.838 116796
177.84 117015
177.84 117234
177.841 117453
177.843 117672
177.843 117891
177.844 118111
177.845 118330
177.845 118549
177.848 118768
177.848 118987
177.849 119206
177.85 119426
177.85 119645
177.852 119864
177.853 120083
177.853 120302
177.855 120521
177.855 120740
177.857 95336
177.857 94800
177.857 94264
177.86 93728
177.86 93192
177.861 92656
177.862 92120
177.862 91584
177.864 91048
177.865 90512
177.866 89976
177.867 89440
177.867 88904
177.869 88368
177.87 87832
177.871 87296
177.872 86760
177.872 86224
177.873 85688
177.874 85651
177.874 85870
177.877 86089
177.877 86308
177.878 86527
177.879 86746
177.879 86966
177.881 87185
177.882 87404
177.883 87623
177.884 87842
177.884 88061
177.886 88280
177.887 88500
177.888 88719
177.889 88938
177.889 76648
178.325 77184
178.33 77720
178.352 78256
178.375 78792
178.527 79328
178.543 79864
178.567 80400
178.59 80936
178.74 81472
178.763 82008
178.788 82544
178.937 83080
178.96 83616
178.985 84152
179.133 84688
179.158 85224
179.194 85760
179.36 86296
179.405 86832
179.465 87368
179.611 87904
179.674 88440
179.851 88976
179.916 89512
179.996 90048
180.197 90584
180.259 90270
180.26 90491
180.262 90713
180.263 90934
180.263 91156
180.264 91377
180.265 91599
180.267 91820
180.267 92042
180.268 92263
180.269 92485
180.27 92706
180.271 92927
180.272 93149
180.272 93370
180.274 93592
180.275 93813
180.275 94035
180.276 94256
180.277 94478
180.279 94699
180.28 94921
180.28 95142
180.281 95364
180.282 95585
180.284 95806
180.284 96028
180.285 96249
180.286 96471
180.287 96692
180.288 96914
180.288 97135
180.289 97357
180.291 97578
180.292 97800
180.293 98021
180.35 98243
180.35 98464
180.351 98685
180.351 98907
180.352 99128
180.352 99350
180.353 99571
180.353 99793
180.354 100014
180.354 100236
180.355 100457
180.355 100679
180.355 100900
180.356 101122
180.356 101343
180.357 101564
180.357 101786
180.358 102007
180.358 102229
180.359 102450
180.359 102672
180.36 102893
180.36 103115
180.361 103336
180.361 103558
180.362 103779
180.363 104001
180.364 89608
180.365 89072
180.365 88536
180.367 88000
180.368 87464
180.368 86928
180.369 86392
180.37 85856
180.371 85320
180.373 84784
180.373 84248
180.375 83712
180.375 83176
180.376 82640
180.377 82104
180.377 81568
180.378 81032
180.38 80496
180.38 79960
180.382 79424
180.382 78888
180.384 78352
180.385 77816
180.385 77280
180.386 76744
180.387 76208
180.388 75672
180.39 75136
180.39 74600
180.392 74064
180.392 73528
180.393 72992
180.394 72456
180.394 71920
180.395 71384
180.397 70848
180.397 70312
180.399 69776
180.399 69240
180.4 68704
180.401 68168
180.402 67632
180.402 67096
180.403 66560
180.404 66024
180.405 65488
180.407 64952
180.407 64416
180.408 63880
180.409 63344
180.41 63248
180.461 63784
180.464 64320
180.465 64856
180.473 65392
180.663 65928
180.678 66464
180.707 67000
180.871 67536
180.891 68072
180.959 68608
181.074 69144
181.104 69680
181.269 70216
181.307 70752
181.359 71288
181.518 71824
181.595 72360
181.763 72896
181.84 73432
182.016 73968
182.108 74504
182.288 75040
182.491 75576
182.693 76112
182.895 76648
185.588 77184
185.941 77720
186.189 78256
186.388 78792
186.551 79328
186.711 79864
186.827 80400
186.944 80936
187.06 81472
187.155 82008
187.249 82544
187.337 83080
187.423 83616
187.504 84152
187.577 84688
187.653 85224
187.723 85760
187.787 86296
187.851 86832
187.914 87368
187.975 87904
188.091 88440
188.162 88976
188.252 89512
188.341 90048
188.367 90584
188.45 91120
188.513 91656
188.55 92192
188.579 92728
188.654 93264
188.732 93800
188.753 94336
188.771 94872
188.831 95408
188.897 95944
188.945 96480
188.962 97016
188.985 97552
189.034 98088
189.099 98624
189.142 99160
189.159 99696
189.176 100232
189.215 100768
189.269 101304
189.331 101840
189.366 102376
189.392 102912
189.418 103448
189.447 103984
189.501 104520
189.549 105056
189.598 105592
189.633 106128
189.658 106664
189.68 107200
189.703 107736
189.727 108272
189.764 108808
189.813 109344
189.851 109880
189.891 110416
189.912 110952
189.929 111488
189.953 112024
189.974 112560
189.995 113096
190.017 113632
190.065 114168
190.104 114704
190.143 115240
190.168 115776
190.186 116312
190.203 116848
190.221 117384
190.24 117920
190.261 118456
190.282 118992
190.297 118676
190.297 118895
190.299 119114
190.3 119334
190.3 119553
190.301 119772
190.302 119991
190.304 120211
190.315 120430
190.315 120649
190.325 120868
190.325 121088
190.33 121307
190.331 121526
190.332 121746
190.332 121965
190.334 122184
190.335 122403
190.335 122623
190.337 122842
190.337 123061
190.342 123280
190.342 123500
190.354 123719
190.354 123938
190.362 124158
190.362 124377
190.362 124596
190.363 124815
190.375 125035
190.376 125254
190.377 125473
190.377 125692
190.378 125912
190.379 126131
190.381 126350
190.381 126570
190.382 126789
190.382 127008
190.382 127227
190.385 127447
190.386 127666
190.393 127885
190.394 128104
190.394 128324
190.395 128543
190.396 128762
190.396 128982
190.398 97400
190.398 96864
190.402 96328
190.402 95792
190.41 95256
190.41 94720
190.411 94184
190.411 94313
190.412 94532
190.412 94752
190.413 94971
190.413 95190
190.413 95409
190.414 95629
190.414 95848
190.415 96067
190.415 96287
190.416 96506
190.416 96725
190.417 96944
190.417 97164
190.418 97383
190.418 97602
190.419 97821
190.419 98041
190.42 98260
190.42 98479
190.421 83080
190.498 83616
190.501 84152
190.502 84688
190.503 85224
190.504 85760
190.7 86296
190.701 86832
190.702 87368
190.703 87904
190.705 88440
190.72 88976
190.74 89512
190.759 90048
190.902 90584
190.91 91120
190.923 91656
190.939 92192
190.956 92728
190.976 93264
191.11 93800
191.124 94336
191.138 94872
191.154 95408
191.171 95944
191.306 96480
191.325 97016
191.351 97552
191.377 98088
191.408 98624
191.439 99160
191.559 99696
191.593 100232
191.624 100768
191.653 101304
191.689 101840
191.72 102376
191.732 102059
191.734 102277
191.735 102496
191.735 102714
191.737 102932
191.737 103151
191.737 103369
191.74 103587
191.74 103806
191.843 104024
191.844 104243
191.844 104461
191.845 104679
191.845 104898
191.846 105116
191.848 105334
191.848 105553
191.85 105771
191.85 105990
191.851 106208
191.853 106426
191.853 106645
191.855 106863
191.855 107081
191.856 107300
191.857 107518
191.857 107736
191.86 107955
191.86 108173
191.86 108392
191.862 108610
191.862 108828
191.864 109047
191.865 109265
191.865 109483
191.867 109702
191.867 109920
191.868 110139
191.87 110357
191.87 110575
191.872 110794
191.872 111012
191.872 111230
191.874 111449
191.874 111667
191.876 111886
191.877 112104
191.877 112322
191.879 112541
191.879 112759
191.881 112977
191.882 113196
191.882 113414
191.884 113632
191.884 113851
191.886 114069
191.887 93336
191.887 92800
191.888 92264
191.889 91728
191.889 91192
191.891 90656
191.891 90120
191.893 89584
191.894 89048
191.894 88512
191.896 87976
191.896 87440
191.898 86904
191.899 86368
191.899 85832
191.901 85296
191.901 84760
191.902 84224
191.903 83688
191.903 83152
191.905 82616
191.906 82080
191.907 81544
191.908 81008
191.908 80472
191.91 79936
191.911 79400
191.912 78864
191.913 78328
191.913 78224
191.915 78442
191.916 78660
191.916 78879
191.917 79097
191.918 79315
191.919 79534
191.92 79752
191.92 79970
191.922 80189
191.923 80030
191.924 79871
191.925 79712
191.925 71288
192.242 71824
192.298 72360
192.299 72896
192.317 73432
192.349 73968
192.5 74504
192.524 75040
192.546 75576
192.646 76112
192.722 76648
192.743 77184
192.848 77720
192.923 78256
192.946 78792
193.05 79328
193.126 79864
193.161 80400
193.313 80936
193.383 81472
193.499 82008
193.616 82544
193.675 83080
193.863 83616
193.939 84152
194.138 84688
194.243 84372
194.244 84592
194.324 84812
194.325 85032
194.325 85252
194.326 85472
194.326 85692
194.327 85912
194.327 86132
194.328 86351
194.328 86571
194.329 86791
194.329 87011
194.33 87231
194.33 87451
194.33 87671
194.331 87891
194.331 88111
194.332 88331
194.332 88550
194.333 88770
194.333 88990
194.334 89210
194.334 89430
194.335 89650
194.335 89870
194.336 90090
194.336 90310
194.337 90530
194.337 90749
194.338 90969
194.338 91189
194.338 91409
194.339 91629
194.339 91849
194.34 92069
194.34 92289
194.341 92509
194.341 92728
194.342 92948
194.342 93168
194.343 93388
194.343 93608
194.344 93828
194.344 94048
194.345 94268
194.345 94488
194.346 94708
194.346 94927
194.347 95147
194.347 95367
194.347 95587
194.348 95807
194.348 96027
194.349 96247
194.349 96467
194.35 96687
194.352 96907
194.352 97126
194.354 97346
194.354 97566
194.354 97786
194.355 98006
194.356 98226
194.357 98446
194.359 98666
194.359 98886
194.361 87344
194.361 86808
194.362 86272
194.362 85736
194.364 85200
194.365 84664
194.366 84128
194.366 83592
194.369 83056
194.369 82520
194.37 81984
194.371 81448
194.371 80912
194.372 80376
194.373 79840
194.374 79304
194.376 78768
194.376 78232
194.378 77696
194.378 77160
194.38 76624
194.381 76088
194.381 75552
194.382 75016
194.383 74480
194.383 73944
194.386 73408
194.386 72872
194.387 72336
194.388 71800
194.388 71264
194.389 70728
194.39 70192
194.391 69656
194.393 69120
194.393 68584
194.395 68048
194.395 67512
194.397 66976
194.398 66440
194.398 65904
194.399 65368
194.4 64832
194.4 64296
194.403 63760
194.403 63224
194.404 62688
194.405 62152
194.406 61616
194.407 61080
194.407 60544
194.407 60008
194.41 59472
194.41 58960
194.445 59496
194.526 60032
194.527 60568
194.528 61104
194.529 61640
194.646 62176
194.727 62712
194.753 63248
194.866 63784
194.956 64320
195.058 64856
195.141 65392
195.253 65928
195.338 66464
195.374 67000
195.503 67536
195.617 68072
195.754 68608
195.878 69144
196.021 69680
196.254 70216
196.354 70752
196.557 71288
196.802 71824
199.53 72360
199.87 72896
