0.1 0
0.2 0
0.3 0
0.4 0
0.5 0
0.6 0
0.7 0
0.8 0
0.9 0.4288
1 0
1.1 0.77184
1.2 0
1.3 1.54368
1.4 0
1.5 3.08736
1.6 0
1.7 4.58816
1.8 1.58656
1.9 2.87296
2 4.54528
2.1 0.64576
2.2 0
2.3 6.43072
2.4 0
2.5 5.45024
2.6 4.544
2.7 2.31552
2.8 4.9312
2.9 2.22976
3 5.27424
3.1 2.10112
3.2 5.05984
3.3 1.41504
3.4 3.34464
3.5 3.98784
3.6 0.81472
3.7 4.5024
3.8 0.12864
3.9 0
4 8.44736
4.1 0
4.2 0
4.3 7.488
4.4 0
4.5 6.13184
4.6 0
4.7 6.30336
4.8 0
4.9 6.38912
5 0.04288
5.1 6.2176
5.2 0.34304
5.3 3.34464
5.4 3.38752
5.5 0.94336
5.6 3.98784
5.7 1.84384
5.8 1.97248
5.9 4.58816
6 0.34304
6.1 3.08736
6.2 2.7872
6.3 0
6.4 8.576
6.5 1.37536
6.6 3.04448
6.7 2.10112
6.8 2.87296
6.9 2.3584
7 2.74432
7.1 2.61568
7.2 1.41504
7.3 3.47328
7.4 0.6432
7.5 3.68768
7.6 1.88672
7.7 1.58656
7.8 2.52992
7.9 1.54368
8 2.61568
8.1 2.27264
8.2 2.31552
8.3 3.51616
8.4 2.18688
8.5 3.51616
8.6 2.22976
8.7 3.73056
8.8 2.10112
8.9 3.8592
9 1.97248
9.1 3.98784
9.2 1.58656
9.3 3.98784
9.4 1.7152
9.5 2.70144
9.6 2.10112
9.7 1.7152
9.8 3.216
9.9 1.58656
10 1.88672
10.1 3.08736
10.2 1.7152
10.3 4.288
10.4 1.7152
10.5 4.288
10.6 1.7152
10.7 4.288
10.8 1.7152
10.9 4.288
11 1.7152
11.1 4.288
11.2 1.41504
11.3 3.81632
11.4 1.2864
11.5 2.83008
11.6 2.65856
11.7 1.45792
11.8 3.08736
11.9 1.5008
12 2.05824
12.1 3.25888
12.2 1.20064
12.3 4.97408
12.4 0.98624
12.5 5.23136
12.6 0.94336
12.7 5.27424
12.8 0.94336
12.9 5.23136
13 1.02912
13.1 5.27424
13.2 1.11488
13.3 4.15936
13.4 2.22976
13.5 2.18688
13.6 2.95872
13.7 1.45792
13.8 3.4304
13.9 2.48704
14 1.2864
14.1 4.15936
14.2 1.84384
14.3 5.10272
14.4 1.97248
14.5 5.1456
14.6 1.9296
14.7 5.31712
14.8 2.05824
14.9 5.31712
15 2.27264
15.1 5.36
15.2 2.18688
15.3 3.4304
15.4 3.25888
15.5 2.01536
15.6 3.94496
15.7 2.95872
15.8 2.22976
15.9 4.54528
16 2.31552
16.1 2.95872
16.2 3.51616
16.3 0
16.4 9.9872
16.5 0
16.6 1.54368
16.7 5.05984
16.8 1.37216
16.9 5.61728
17 1.15776
17.1 6.08896
17.2 0.55744
17.3 5.01696
17.4 2.01536
17.5 2.27264
17.6 4.58816
17.7 0.94336
17.8 3.4304
17.9 1.7152
18 0
18.1 0
18.2 7.03232
18.3 0
18.4 8.65536
18.5 0
18.6 5.91744
18.7 0
18.8 6.0032
18.9 0.04288
19 5.87456
19.1 0.34304
19.2 3.17312
19.3 3.13024
19.4 1.02912
19.5 3.81632
19.6 1.62944
19.7 2.18688
19.8 4.33088
19.9 0
20 3.47328
20.1 2.83008
20.2 0
20.3 7.11808
20.4 0.2144
20.5 4.33024
20.6 0.55744
20.7 4.24512
20.8 0.72896
20.9 4.11648
21 0.81472
21.1 4.20224
21.2 0.81472
21.3 3.25888
21.4 2.01536
21.5 2.40128
21.6 2.61568
21.7 1.072
21.8 2.61568
21.9 2.18688
22 1.62944
22.1 2.22976
22.2 3.25888
22.3 2.22976
22.4 3.25888
22.5 2.31552
22.6 3.17312
22.7 2.48704
22.8 3.04448
22.9 2.61568
23 2.91584
23.1 2.74432
23.2 2.18688
23.3 3.30176
23.4 1.97248
23.5 2.40128
23.6 2.05824
23.7 1.9296
23.8 2.5728
23.9 1.75808
24 2.22976
24.1 2.31552
24.2 2.40128
24.3 3.34464
24.4 2.18688
24.5 3.47328
24.6 2.10112
24.7 3.6448
24.8 1.9296
24.9 3.73056
25 1.84384
25.1 3.90208
25.2 1.62944
25.3 3.38752
25.4 1.7152
25.5 2.95872
25.6 1.97248
25.7 1.75808
25.8 2.65856
25.9 1.7152
26 2.27264
26.1 2.31552
26.2 2.40128
26.3 3.38752
26.4 2.31552
26.5 3.55904
26.6 2.22976
26.7 3.77344
26.8 2.10112
26.9 3.8592
27 2.05824
27.1 4.03072
27.2 1.75808
27.3 3.73056
27.4 1.9296
27.5 2.87296
27.6 2.27264
27.7 1.80096
27.8 3.4304
27.9 1.84384
28 2.10112
28.1 3.216
28.2 1.84384
28.3 4.84544
28.4 1.9296
28.5 4.88832
28.6 2.01536
28.7 5.10272
28.8 1.97248
28.9 5.36
29 2.05824
29.1 5.44576
29.2 1.97248
29.3 3.94496
29.4 2.61568
29.5 2.22976
29.6 4.24512
29.7 2.05824
29.8 3.08736
29.9 4.41664
30 1.75808
30.1 4.03072
30.2 3.4304
30.3 2.5728
30.4 6.77504
30.5 2.61568
30.6 7.20384
30.7 2.61568
30.8 7.32736
30.9 2.62336
31 7.32992
31.1 2.53952
31.2 4.71232
31.3 3.23392
31.4 3.4016
31.5 3.9712
31.6 0
31.7 0
31.8 8.51968
31.9 0
32 0
32.1 3.91872
32.2 1.54368
32.3 0
32.4 9.97952
32.5 0
32.6 5.23136
32.7 0
32.8 5.23136
32.9 0.12864
33 5.05984
33.1 0.38592
33.2 2.70144
33.3 2.87296
33.4 0.98624
33.5 3.6448
33.6 1.072
33.7 2.31552
33.8 3.4304
33.9 0.17152
34 3.34464
34.1 2.31552
34.2 1.45792
34.3 4.45952
34.4 1.37216
34.5 4.58816
34.6 1.2864
34.7 4.75968
34.8 1.11488
34.9 4.9312
35 1.02912
35.1 5.10272
35.2 0.47168
35.3 4.9312
35.4 0.68608
35.5 2.7872
35.6 3.30176
35.7 0.55744
35.8 3.47328
35.9 2.05824
36 1.2864
36.1 4.33088
36.2 0.47168
36.3 5.53152
36.4 0.55744
36.5 5.48864
36.6 0.60032
36.7 5.40288
36.8 0.68608
36.9 5.31712
37 0.77184
37.1 5.18848
37.2 0.90048
37.3 3.81632
37.4 2.27264
37.5 1.88672
37.6 3.04448
37.7 1.15776
37.8 3.13024
37.9 2.65856
38 0.72896
38.1 3.77344
38.2 2.05824
38.3 4.15936
38.4 2.05824
38.5 4.11648
38.6 2.18688
38.7 4.0736
38.8 2.27264
38.9 4.03072
39 2.3584
39.1 4.0736
39.2 2.27264
39.3 3.13024
39.4 2.44416
39.5 2.27264
39.6 2.87296
39.7 2.18688
39.8 2.65856
39.9 2.61568
40 2.18688
40.1 3.30176
40.2 1.97248
40.3 5.05984
40.4 2.01536
40.5 5.1456
40.6 2.10112
40.7 5.18848
40.8 2.31552
40.9 5.27424
41 2.18688
41.1 5.53152
41.2 2.22976
41.3 3.4304
41.4 3.55904
41.5 1.88672
41.6 3.8592
41.7 3.216
41.8 2.10112
41.9 4.58816
42 2.44416
42.1 3.13024
42.2 3.68768
42.3 0
42.4 9.9904
42.5 0
42.6 1.20064
42.7 5.44576
42.8 1.072
42.9 6.0032
43 0.90048
43.1 6.432
43.2 0.38592
43.3 5.01696
43.4 2.27264
43.5 2.144
43.6 4.45952
43.7 0.90048
43.8 0
43.9 0
44 5.18848
44.1 0
44.2 5.33824
44.3 4.64448
44.4 1.11488
44.5 4.80256
44.6 1.072
44.7 4.97408
44.8 0.98624
44.9 5.18848
45 0.94336
45.1 5.31712
45.2 0.72896
45.3 4.54528
45.4 1.80096
45.5 2.10112
45.6 3.77344
45.7 0.68608
45.8 3.38752
45.9 2.52992
46 1.2864
46.1 4.11648
46.2 1.2864
46.3 5.44576
46.4 1.2864
46.5 5.36
46.6 1.5008
46.7 5.27424
46.8 1.62944
46.9 5.1456
47 1.75808
47.1 5.1456
47.2 1.80096
47.3 3.60192
47.4 3.17312
47.5 1.41504
47.6 3.47328
47.7 2.22976
47.8 2.27264
47.9 3.30176
48 1.37216
48.1 3.17312
48.2 3.34464
48.3 3.55904
48.4 3.34464
48.5 3.47328
48.6 3.34464
48.7 3.51616
48.8 3.4304
48.9 3.4304
49 3.4304
49.1 3.4304
49.2 2.95872
49.3 2.52992
49.4 3.08736
49.5 2.22976
49.6 2.70144
49.7 2.83008
49.8 1.80096
49.9 3.34464
50 2.31552
50.1 1.88672
50.2 3.55904
50.3 3.47328
50.4 3.60192
50.5 3.38752
50.6 3.68768
50.7 3.38752
50.8 3.81632
50.9 3.30176
51 3.8592
51.1 3.30176
51.2 3.47328
51.3 2.74432
51.4 2.74432
51.5 2.52992
51.6 3.13024
51.7 2.74432
51.8 2.3584
51.9 3.47328
52 2.74432
52.1 2.144
52.2 3.60192
52.3 4.20224
52.4 3.73056
52.5 4.288
52.6 3.77344
52.7 4.5024
52.8 3.81632
52.9 4.54528
53 3.90208
53.1 4.67392
53.2 3.51616
53.3 2.44416
53.4 3.98784
53.5 3.17312
53.6 3.30176
53.7 3.94496
53.8 2.61568
53.9 4.11648
54 4.45952
54.1 1.97248
54.2 4.54528
54.3 0.47168
54.4 0
54.5 9.9488
54.6 0
54.7 7.0752
54.8 0
54.9 7.54688
55 0.04288
55.1 7.41824
55.2 0.47168
55.3 3.94496
55.4 4.20224
55.5 0.81472
55.6 4.33088
55.7 1.58656
55.8 0
55.9 0
56 6.73216
56.1 0
56.2 4.89472
56.3 4.33088
56.4 1.54368
56.5 4.58816
56.6 1.41504
56.7 4.9312
56.8 1.2864
56.9 5.18848
57 1.15776
57.1 5.40288
57.2 0.68608
57.3 4.97408
57.4 1.072
57.5 2.74432
57.6 4.0736
57.7 0.17152
57.8 3.94496
57.9 2.83008
58 0.60032
58.1 4.58816
58.2 0.55744
58.3 0
58.4 8.7904
58.5 1.2
58.6 3.90208
58.7 1.24352
58.8 4.03072
58.9 1.20064
59 4.11648
59.1 1.24352
59.2 3.8592
59.3 1.62944
59.4 1.88672
59.5 2.44416
59.6 1.32928
59.7 3.0016
59.8 1.80096
59.9 1.80096
60 3.47328
60.1 1.20064
60.2 2.3584
60.3 3.38752
60.4 2.3584
60.5 3.4304
60.6 2.3584
60.7 3.55904
60.8 2.27264
60.9 3.6448
61 2.18688
61.1 3.73056
61.2 1.88672
61.3 3.30176
61.4 1.7152
61.5 3.08736
61.6 2.144
61.7 1.7152
61.8 3.34464
61.9 1.2864
62 2.144
62.1 2.5728
62.2 1.67232
62.3 4.33088
62.4 1.54368
62.5 4.45952
62.6 1.45792
62.7 4.54528
62.8 1.37216
62.9 4.63104
63 1.37216
63.1 4.63104
63.2 1.2864
63.3 4.288
63.4 1.32928
63.5 2.70144
63.6 2.40128
63.7 1.5008
63.8 3.30176
63.9 1.41504
64 2.22976
64.1 3.38752
64.2 1.02912
64.3 5.01696
64.4 0.98624
64.5 5.1456
64.6 0.90048
64.7 5.31712
64.8 0.90048
64.9 5.44576
65 0.8576
65.1 5.44576
65.2 0.98624
65.3 4.288
65.4 1.88672
65.5 2.44416
65.6 3.04448
65.7 1.32928
65.8 3.60192
65.9 2.52992
66 1.11488
66.1 4.288
66.2 1.97248
66.3 4.97408
66.4 2.10112
66.5 4.9312
66.6 2.27264
66.7 5.10272
66.8 2.27264
66.9 5.27424
67 2.27264
67.1 5.40288
67.2 2.22976
67.3 3.17312
67.4 3.55904
67.5 1.62944
67.6 4.11648
67.7 3.216
67.8 2.01536
67.9 4.54528
68 1.11488
68.1 0
68.2 0
68.3 6.90368
68.4 3.0592
68.5 6.30336
68.6 0.08576
68.7 6.56064
68.8 0.08576
68.9 6.81792
69 0.12864
69.1 6.98944
69.2 0.17152
69.3 3.94496
69.4 3.25888
69.5 1.32928
69.6 4.20224
69.7 2.05824
69.8 2.27264
69.9 2.91584
70 0
70.1 0
70.2 7.41824
70.3 0
70.4 6.8
70.5 1.2864
70.6 4.15936
70.7 1.54368
70.8 4.03072
70.9 1.84384
71 3.90208
71.1 2.05824
71.2 2.18688
71.3 3.98784
71.4 0.34304
71.5 3.73056
71.6 2.18688
71.7 1.5008
71.8 4.03072
71.9 0.8576
72 2.65856
72.1 3.77344
72.2 0
72.3 6.51776
72.4 0
72.5 6.56064
72.6 0
72.7 6.68928
72.8 0
72.9 6.73216
73 0
73.1 6.68928
73.2 0
73.3 4.24512
73.4 2.48704
73.5 1.62944
73.6 4.11648
73.7 1.02912
73.8 2.74432
73.9 4.03072
74 0
74.1 3.77344
74.2 1.88672
74.3 0
74.4 8.19008
74.5 1.78496
74.6 3.17312
74.7 1.88672
74.8 3.30176
74.9 1.9296
75 3.4304
75.1 1.9296
75.2 2.44416
75.3 2.7872
75.4 1.15776
75.5 2.83008
75.6 2.10112
75.7 2.18688
75.8 2.10112
75.9 1.62944
76 3.34464
76.1 1.84384
76.2 1.88672
76.3 4.20224
76.4 1.88672
76.5 4.288
76.6 1.88672
76.7 4.5024
76.8 1.80096
76.9 4.63104
77 1.75808
77.1 4.7168
77.2 1.67232
77.3 3.8592
77.4 2.61568
77.5 2.31552
77.6 2.61568
77.7 1.7152
77.8 3.68768
77.9 1.9296
78 1.5008
78.1 3.77344
78.2 2.5728
78.3 4.20224
78.4 2.5728
78.5 4.20224
78.6 2.48704
78.7 4.288
78.8 2.3584
78.9 4.41664
79 2.27264
79.1 4.5024
79.2 1.88672
79.3 3.38752
79.4 2.27264
79.5 2.10112
79.6 3.55904
79.7 1.58656
79.8 2.61568
79.9 2.91584
80 2.05824
80.1 3.04448
80.2 2.01536
80.3 4.63104
80.4 2.05824
80.5 4.63104
80.6 2.144
80.7 4.54528
80.8 2.27264
80.9 4.45952
81 2.3584
81.1 4.37376
81.2 2.31552
81.3 3.25888
81.4 2.95872
81.5 1.54368
81.6 3.38752
81.7 2.52992
81.8 2.05824
81.9 3.30176
82 1.75808
82.1 3.0016
82.2 3.17312
82.3 3.90208
82.4 3.34464
82.5 3.90208
82.6 3.4304
82.7 3.8592
82.8 3.60192
82.9 3.81632
83 3.68768
83.1 3.90208
83.2 3.216
83.3 2.48704
83.4 3.51616
83.5 2.52992
83.6 2.87296
83.7 3.51616
83.8 2.27264
83.9 3.55904
84 3.0016
84.1 2.144
84.2 4.33088
84.3 2.5728
84.4 6.08896
84.5 2.65856
84.6 6.34624
84.7 2.7872
84.8 6.47488
84.9 2.95872
85 6.56064
85.1 3.13024
85.2 4.67392
85.3 3.88672
85.4 2.37376
85.5 4.01408
85.6 0
85.7 0
85.8 9.95328
85.9 0
86 0
86.1 2.22976
86.2 1.75808
86.3 0
86.4 9.97952
86.5 0
86.6 5.01696
86.7 0.47168
86.8 4.88832
86.9 0.72896
87 4.75968
87.1 1.02912
87.2 2.52992
87.3 3.34464
87.4 0.72896
87.5 3.6448
87.6 1.67232
87.7 1.88672
87.8 4.11648
87.9 0.12864
88 3.38752
88.1 2.87296
88.2 0.55744
88.3 5.7888
88.4 0.38592
88.5 6.0032
88.6 0.2144
88.7 6.2176
88.8 0.08576
88.9 6.38912
89 0
89.1 6.51776
89.2 0
89.3 4.84544
89.4 1.7152
89.5 2.10112
89.6 4.11648
89.7 0.30016
89.8 3.4304
89.9 3.08736
90 0.17152
90.1 4.33088
90.2 1.54368
90.3 0
90.4 7.0752
90.5 2.90944
90.6 1.9296
90.7 3.04448
90.8 1.97248
90.9 3.216
91 2.05824
91.1 3.216
91.2 2.10112
91.3 2.95872
91.4 1.45792
91.5 2.05824
91.6 2.44416
91.7 2.18688
91.8 2.27264
91.9 1.7152
92 1.84384
92.1 3.60192
92.2 1.7152
92.3 4.37376
92.4 1.54368
92.5 4.45952
92.6 1.54368
92.7 4.63104
92.8 1.45792
92.9 4.75968
93 1.37216
93.1 4.88832
93.2 1.072
93.3 3.77344
93.4 2.05824
93.5 2.7872
93.6 2.70144
93.7 1.32928
93.8 3.17312
93.9 2.95872
94 0.98624
94.1 3.34464
94.2 2.22976
94.3 4.288
94.4 2.22976
94.5 4.20224
94.6 2.31552
94.7 4.20224
94.8 2.31552
94.9 4.15936
95 2.3584
95.1 4.11648
95.2 2.40128
95.3 3.34464
95.4 2.144
95.5 2.10112
95.6 2.95872
95.7 2.31552
95.8 2.27264
95.9 2.3584
96 2.05824
96.1 3.17312
96.2 1.80096
96.3 4.63104
96.4 1.80096
96.5 4.67392
96.6 1.88672
96.7 4.54528
96.8 2.05824
96.9 4.45952
97 2.10112
97.1 4.45952
97.2 2.01536
97.3 3.30176
97.4 2.74432
97.5 2.05824
97.6 3.0016
97.7 2.10112
97.8 2.7872
97.9 2.95872
98 1.5008
98.1 3.4304
98.2 2.44416
98.3 4.54528
98.4 2.5728
98.5 4.5024
98.6 2.70144
98.7 4.45952
98.8 2.87296
98.9 4.54528
99 2.83008
99.1 4.54528
99.2 2.74432
99.3 2.91584
99.4 3.08736
99.5 2.18688
99.6 3.6448
99.7 2.74432
99.8 1.9296
99.9 4.67392
100 2.31552
100.1 2.144
100.2 3.73056
100.3 0
100.4 9.4336
100.5 0.52736
100.6 1.2864
100.7 4.97408
100.8 1.11488
100.9 5.40288
101 0.94336
101.1 5.7888
101.2 0.38592
101.3 5.01696
101.4 1.54368
101.5 2.40128
101.6 4.41664
101.7 0.34304
101.8 3.73056
101.9 1.9296
102 0
102.1 0
102.2 6.73216
102.3 0
102.4 8.45312
102.5 0.08576
102.6 5.36
102.7 0.08576
102.8 5.53152
102.9 0.12864
103 5.5744
103.1 0.2144
103.2 3.13024
103.3 2.52992
103.4 1.41504
103.5 3.68768
103.6 1.02912
103.7 2.44416
103.8 3.38752
103.9 0.38592
104 3.73056
104.1 2.10112
104.2 0.90048
104.3 5.36
104.4 0.77184
104.5 5.53152
104.6 0.77184
104.7 5.61728
104.8 0.68608
104.9 5.70304
105 0.68608
105.1 5.7888
105.2 0.51456
105.3 4.75968
105.4 1.41504
105.5 2.40128
105.6 3.77344
105.7 0.4288
105.8 3.51616
105.9 2.48704
106 0.94336
106.1 4.37376
106.2 1.11488
106.3 5.23136
106.4 1.20064
106.5 5.23136
106.6 1.20064
106.7 5.1456
106.8 1.2864
106.9 5.01696
107 1.41504
107.1 4.97408
107.2 1.45792
107.3 3.51616
107.4 2.91584
107.5 1.45792
107.6 3.17312
107.7 1.80096
107.8 2.65856
107.9 2.87296
108 0.94336
108.1 3.81632
108.2 2.61568
108.3 3.81632
108.4 2.70144
108.5 3.77344
108.6 2.87296
108.7 3.73056
108.8 2.87296
108.9 3.77344
109 2.87296
109.1 3.68768
109.2 2.74432
109.3 2.7872
109.4 2.83008
109.5 2.10112
109.6 3.04448
109.7 2.44416
109.8 2.44416
109.9 3.34464
110 2.05824
110.1 2.7872
110.2 2.95872
110.3 4.37376
110.4 3.04448
110.5 4.37376
110.6 3.216
110.7 4.45952
110.8 3.25888
110.9 4.58816
111 3.34464
111.1 4.67392
111.2 2.95872
111.3 2.5728
111.4 3.8592
111.5 2.48704
111.6 3.216
111.7 3.81632
111.8 2.01536
111.9 4.24512
112 3.81632
112.1 1.88672
112.2 4.54528
112.3 0.30016
112.4 0
112.5 9.9776
112.6 0
112.7 6.8608
112.8 0
112.9 7.37536
113 0
113.1 7.63264
113.2 0
113.3 4.11648
113.4 3.73056
113.5 1.11488
113.6 4.37376
113.7 1.97248
113.8 0
113.9 0
114 6.0032
114.1 0
114.2 4.65088
114.3 5.10272
114.4 0.60032
114.5 5.40288
114.6 0.47168
114.7 5.66016
114.8 0.30016
114.9 6.0032
115 0.17152
115.1 6.2176
115.2 0.17152
115.3 4.88832
115.4 1.5008
115.5 2.3584
115.6 4.24512
115.7 0.17152
115.8 3.60192
115.9 2.91584
116 0.47168
116.1 4.5024
116.2 1.20064
116.3 0
116.4 7.63264
116.5 2.3648
116.6 2.52992
116.7 2.44416
116.8 2.61568
116.9 2.44416
117 2.74432
117.1 2.44416
117.2 2.7872
117.3 2.48704
117.4 1.45792
117.5 1.9296
117.6 2.10112
117.7 2.7872
117.8 1.84384
117.9 1.62944
118 2.18688
118.1 2.61568
118.2 2.52992
118.3 3.13024
118.4 2.40128
118.5 3.30176
118.6 2.27264
118.7 3.51616
118.8 2.05824
118.9 3.73056
119 1.9296
119.1 3.8592
119.2 1.24352
119.3 3.17312
119.4 1.75808
119.5 2.87296
119.6 2.5728
119.7 1.41504
119.8 2.48704
119.9 2.01536
120 2.22976
120.1 2.05824
120.2 2.48704
120.3 3.34464
120.4 2.27264
120.5 3.47328
120.6 2.18688
120.7 3.6448
120.8 2.01536
120.9 3.73056
121 1.88672
121.1 3.94496
121.2 1.7152
121.3 3.60192
121.4 2.144
121.5 2.48704
121.6 1.97248
121.7 1.80096
121.8 2.87296
121.9 1.7152
122 1.97248
122.1 2.61568
122.2 2.18688
122.3 3.68768
122.4 2.10112
122.5 3.8592
122.6 2.01536
122.7 4.03072
122.8 2.01536
122.9 3.98784
123 2.10112
123.1 4.0736
123.2 1.9296
123.3 3.81632
123.4 1.58656
123.5 2.91584
123.6 2.40128
123.7 1.84384
123.8 3.34464
123.9 1.75808
124 2.10112
124.1 3.60192
124.2 1.45792
124.3 5.36
124.4 1.5008
124.5 5.44576
124.6 1.54368
124.7 5.5744
124.8 1.58656
124.9 5.7888
125 1.58656
125.1 6.0032
125.2 1.5008
125.3 4.11648
125.4 2.7872
125.5 2.10112
125.6 4.288
125.7 2.05824
125.8 3.13024
125.9 4.5024
126 1.37216
126.1 4.11648
126.2 3.04448
126.3 0
126.4 9.98272
126.5 0
126.6 2.31552
126.7 4.41664
126.8 2.18688
126.9 4.88832
127 2.01536
127.1 5.23136
127.2 0.98624
127.3 5.01696
127.4 1.54368
127.5 2.7872
127.6 4.45952
127.7 0.55744
127.8 3.81632
127.9 1.32928
128 0
128.1 0
128.2 7.37536
128.3 0
128.4 8.26176
128.5 0
128.6 5.91744
128.7 0
128.8 6.0032
128.9 0
129 6.17472
129.1 0
129.2 3.60192
129.3 2.70144
129.4 1.37216
129.5 3.90208
129.6 1.11488
129.7 2.61568
129.8 3.90208
129.9 0
130 3.81632
130.1 2.83008
130.2 0.08576
130.3 6.60352
130.4 0.08576
130.5 6.6464
130.6 0.12864
130.7 6.73216
130.8 0.08576
130.9 6.81792
131 0.08576
131.1 6.77504
131.2 0.04288
131.3 4.33088
131.4 2.52992
131.5 1.75808
131.6 4.03072
131.7 1.15776
131.8 2.83008
131.9 4.11648
132 0
132.1 3.77344
132.2 1.7152
132.3 0
132.4 8.83328
132.5 1.15328
132.6 3.98784
132.7 1.20064
132.8 4.20224
132.9 1.24352
133 4.288
133.1 1.24352
133.2 2.5728
133.3 2.7872
133.4 1.20064
133.5 3.6448
133.6 1.37216
133.7 2.10112
133.8 2.5728
133.9 1.41504
134 3.34464
134.1 1.58656
134.2 1.75808
134.3 4.58816
134.4 1.75808
134.5 4.63104
134.6 1.84384
134.7 4.63104
134.8 1.97248
134.9 4.67392
135 1.9296
135.1 4.80256
135.2 1.75808
135.3 4.7168
135.4 1.84384
135.5 2.144
135.6 3.13024
135.7 1.62944
135.8 3.38752
135.9 1.97248
136 1.80096
136.1 4.0736
136.2 1.37216
136.3 5.5744
136.4 1.37216
136.5 5.40288
136.6 1.54368
136.7 5.31712
136.8 1.54368
136.9 5.31712
137 1.62944
137.1 5.23136
137.2 1.62944
137.3 3.55904
137.4 3.13024
137.5 1.62944
137.6 3.68768
137.7 1.62944
137.8 2.5728
137.9 3.60192
138 1.02912
138.1 3.6448
138.2 2.87296
138.3 3.94496
138.4 3.0016
138.5 3.8592
138.6 3.08736
138.7 3.81632
138.8 3.17312
138.9 3.68768
139 3.17312
139.1 3.73056
139.2 2.91584
139.3 2.61568
139.4 3.17312
139.5 1.88672
139.6 3.30176
139.7 2.61568
139.8 1.7152
139.9 3.77344
140 2.22976
140.1 2.10112
140.2 3.68768
140.3 3.60192
140.4 3.73056
140.5 3.6448
140.6 3.8592
140.7 3.60192
140.8 4.03072
140.9 3.60192
141 4.20224
141.1 3.55904
141.2 3.51616
141.3 2.70144
141.4 3.08736
141.5 2.95872
141.6 2.95872
141.7 3.08736
141.8 2.61568
141.9 3.81632
142 3.04448
142.1 2.27264
142.2 4.20224
142.3 3.68768
142.4 5.10272
142.5 3.73056
142.6 5.44576
142.7 3.68768
142.8 5.61728
142.9 3.81632
143 5.91744
143.1 3.77344
143.2 4.49344
143.3 3.02912
143.4 3.93216
143.5 4.42368
143.6 2.4576
143.7 4.5056
143.8 1.51744
143.9 0
144 0
144.1 9.21408
144.2 0
144.3 5.75232
144.4 1.97248
144.5 4.88832
144.6 2.3584
144.7 4.80256
144.8 2.7872
144.9 4.58816
145 3.216
145.1 4.45952
145.2 3.60192
145.3 1.80096
145.4 4.75968
145.5 1.75808
145.6 2.91584
145.7 2.87296
145.8 0
145.9 0
146 7.58976
146.1 0
146.2 3.40992
146.3 5.05984
146.4 0.90048
146.5 5.40288
146.6 0.72896
146.7 5.70304
146.8 0.60032
146.9 5.96032
147 0.4288
147.1 6.30336
147.2 0.12864
147.3 4.97408
147.4 1.7152
147.5 2.27264
147.6 4.24512
147.7 0.47168
147.8 3.51616
147.9 3.51616
148 0
148.1 4.63104
148.2 0.98624
148.3 0
148.4 9.26208
148.5 0.73088
148.6 4.41664
148.7 0.81472
148.8 4.54528
148.9 0.77184
149 4.63104
149.1 0.81472
149.2 3.38752
149.3 2.18688
149.4 1.5008
149.5 3.34464
149.6 0.8576
149.7 2.70144
149.8 2.18688
149.9 1.41504
150 3.38752
150.1 1.2864
150.2 2.40128
150.3 3.51616
150.4 2.31552
150.5 3.55904
150.6 2.31552
150.7 3.6448
150.8 2.27264
150.9 3.77344
151 2.144
151.1 3.90208
151.2 1.88672
151.3 4.20224
151.4 0.8576
151.5 3.13024
151.6 2.18688
151.7 1.75808
151.8 3.38752
151.9 1.32928
152 2.10112
152.1 3.51616
152.2 0.8576
152.3 5.23136
152.4 0.8576
152.5 5.23136
152.6 0.8576
152.7 5.23136
152.8 0.8576
152.9 5.23136
153 0.8576
153.1 5.23136
153.2 0.72896
153.3 4.0736
153.4 1.2864
153.5 2.74432
153.6 3.08736
153.7 1.02912
153.8 3.216
153.9 2.144
154 1.45792
154.1 3.55904
154.2 1.20064
154.3 5.01696
154.4 1.20064
154.5 5.01696
154.6 1.2864
154.7 4.97408
154.8 1.32928
154.9 5.05984
155 1.37216
155.1 5.01696
155.2 1.5008
155.3 3.8592
155.4 2.40128
155.5 2.05824
155.6 3.08736
155.7 1.9296
155.8 2.91584
155.9 2.52992
156 1.41504
156.1 4.03072
156.2 2.27264
156.3 4.7168
156.4 2.44416
156.5 4.75968
156.6 2.48704
156.7 4.84544
156.8 2.48704
156.9 4.9312
157 2.74432
157.1 5.10272
157.2 2.44416
157.3 3.17312
157.4 3.68768
157.5 2.01536
157.6 3.6448
157.7 3.30176
157.8 2.10112
157.9 4.37376
158 1.54368
158.1 0
158.2 0
158.3 8.83328
158.4 0
158.5 7.49376
158.6 0
158.7 6.6464
158.8 0
158.9 6.8608
159 0
159.1 7.11808
159.2 0
159.3 4.11648
159.4 3.25888
159.5 1.32928
159.6 4.37376
159.7 1.88672
159.8 2.48704
159.9 3.30176
160 0
160.1 0
160.2 6.47488
160.3 0
160.4 6.64256
160.5 2.44416
160.6 3.04448
160.7 2.7872
160.8 2.87296
160.9 3.08736
161 2.70144
161.1 3.34464
161.2 1.41504
161.3 4.80256
161.4 0.08576
161.5 3.34464
161.6 2.83008
161.7 0.98624
161.8 4.03072
161.9 1.37216
162 2.10112
162.1 4.41664
162.2 0
162.3 6.6464
162.4 0
162.5 6.56064
162.6 0.08576
162.7 6.56064
162.8 0.17152
162.9 6.51776
163 0.2144
163.1 6.432
163.2 0.38592
163.3 3.94496
163.4 2.83008
163.5 1.41504
163.6 4.03072
163.7 1.32928
163.8 2.48704
163.9 4.288
164 0
164.1 3.47328
164.2 2.10112
164.3 0
164.4 8.3616
164.5 1.61792
164.6 3.4304
164.7 1.7152
164.8 3.55904
164.9 1.80096
165 3.55904
165.1 1.84384
165.2 2.18688
165.3 2.95872
165.4 1.072
165.5 3.25888
165.6 1.84384
165.7 2.05824
165.8 2.18688
165.9 1.67232
166 3.17312
166.1 1.84384
166.2 1.97248
166.3 4.20224
166.4 1.9296
166.5 4.41664
166.6 1.84384
166.7 4.54528
166.8 1.80096
166.9 4.63104
167 1.75808
167.1 4.80256
167.2 1.67232
167.3 4.5024
167.4 1.88672
167.5 2.3584
167.6 2.70144
167.7 1.67232
167.8 3.60192
167.9 1.9296
168 1.62944
168.1 4.33088
168.2 1.5008
168.3 5.18848
168.4 1.5008
168.5 5.23136
168.6 1.5008
168.7 5.23136
168.8 1.45792
168.9 5.23136
169 1.45792
169.1 5.23136
169.2 1.45792
169.3 3.68768
169.4 2.40128
169.5 2.05824
169.6 3.60192
169.7 1.5008
169.8 2.7872
169.9 3.34464
170 1.11488
170.1 3.73056
170.2 1.9296
170.3 4.80256
170.4 1.97248
170.5 4.7168
170.6 2.05824
170.7 4.67392
170.8 2.144
170.9 4.63104
171 2.22976
171.1 4.58816
171.2 2.31552
171.3 3.216
171.4 2.91584
171.5 1.58656
171.6 3.51616
171.7 2.52992
171.8 1.84384
171.9 3.60192
172 1.84384
172.1 2.65856
172.2 3.34464
172.3 3.73056
172.4 3.55904
172.5 3.77344
172.6 3.55904
172.7 3.81632
172.8 3.68768
172.9 3.81632
173 3.8592
173.1 3.73056
173.2 3.30176
173.3 2.40128
173.4 3.60192
173.5 2.61568
173.6 2.95872
173.7 3.25888
173.8 2.22976
173.9 3.8592
174 3.08736
174.1 2.22976
174.2 4.24512
174.3 2.74432
174.4 5.87456
174.5 3.04448
174.6 6.04608
174.7 3.08736
174.8 6.17472
174.9 3.25888
175 6.432
175.1 3.17312
175.2 4.62016
175.3 3.60448
175.4 3.072
175.5 4.54848
175.6 3.07008
175.7 3.72928
175.8 3.5616
175.9 0
176 0
176.1 9.136
176.2 0
176.3 2.8736
176.4 4.97408
176.5 1.9296
176.6 5.31712
176.7 1.84384
176.8 5.74592
176.9 1.62944
177 6.17472
177.1 1.5008
177.2 5.05984
177.3 1.5008
177.4 3.55904
177.5 4.5024
177.6 0.25728
177.7 4.288
177.8 0.2144
177.9 0
178 8.23296
178.1 0
178.2 0
178.3 7.84128
178.4 0
178.5 6.30336
178.6 0
178.7 6.432
178.8 0
178.9 6.38912
179 0.17152
179.1 6.26048
179.2 0.47168
179.3 3.30176
179.4 3.51616
179.5 0.94336
179.6 4.0736
179.7 1.97248
179.8 1.88672
179.9 4.5024
180 0.6432
180.1 2.87296
180.2 2.61568
180.3 0
180.4 9.4336
180.5 0.56512
180.6 3.4304
180.7 1.75808
180.8 3.30176
180.9 2.05824
181 3.13024
181.1 2.31552
181.2 1.62944
181.3 3.47328
181.4 0.6432
181.5 3.68768
181.6 1.84384
181.7 1.67232
181.8 3.38752
181.9 0.68608
182 2.70144
182.1 2.44416
182.2 1.84384
182.3 4.0736
182.4 1.7152
182.5 4.24512
182.6 1.58656
182.7 4.45952
182.8 1.41504
182.9 4.63104
183 1.24352
183.1 4.88832
183.2 0.90048
183.3 4.58816
183.4 1.2864
183.5 2.5728
183.6 2.83008
183.7 1.072
183.8 3.4304
183.9 1.67232
184 1.62944
184.1 3.68768
184.2 1.20064
184.3 4.88832
184.4 1.20064
184.5 4.88832
184.6 1.11488
184.7 4.88832
184.8 1.20064
184.9 4.84544
185 1.24352
185.1 4.80256
185.2 1.20064
185.3 3.94496
185.4 1.80096
185.5 2.44416
185.6 2.7872
185.7 1.2864
185.8 3.17312
185.9 2.18688
186 1.32928
186.1 3.55904
186.2 1.67232
186.3 4.5024
186.4 1.7152
186.5 4.58816
186.6 1.7152
186.7 4.5024
186.8 1.80096
186.9 4.58816
187 1.84384
187.1 4.5024
187.2 1.84384
187.3 3.68768
187.4 2.144
187.5 2.48704
187.6 2.83008
187.7 1.9296
187.8 3.08736
187.9 2.44416
188 1.75808
188.1 3.77344
188.2 1.9296
188.3 5.05984
188.4 2.10112
188.5 5.1456
188.6 2.10112
188.7 5.18848
188.8 2.18688
188.9 5.36
189 2.22976
189.1 5.53152
189.2 2.10112
189.3 3.4304
189.4 3.30176
189.5 2.144
189.6 3.90208
189.7 3.0016
189.8 2.27264
189.9 4.54528
190 2.27264
190.1 3.34464
190.2 4.288
190.3 0
190.4 9.648
190.5 0.33088
190.6 0.04288
190.7 6.77504
190.8 0
190.9 7.20384
191 0
191.1 7.46112
191.2 0
191.3 4.7168
191.4 2.95872
191.5 1.62944
191.6 4.37376
191.7 1.37216
191.8 0
191.9 0
192 5.66016
192.1 0
192.2 4.59392
192.3 5.3952
192.4 0.17152
192.5 5.74592
192.6 0.08576
192.7 5.96032
192.8 0.12864
192.9 6.0032
193 0.2144
193.1 6.08896
193.2 0.2144
193.3 4.41664
193.4 1.9296
193.5 1.97248
193.6 4.03072
193.7 0.6432
193.8 3.13024
193.9 3.216
194 0.4288
194.1 4.15936
194.2 1.88672
194.3 0
194.4 6.90368
194.5 3.08544
194.6 1.62944
194.7 3.25888
194.8 1.67232
194.9 3.34464
195 1.75808
195.1 3.38752
195.2 1.75808
195.3 3.13024
195.4 1.24352
195.5 2.144
195.6 2.31552
195.7 1.75808
195.8 2.70144
195.9 1.5008
196 1.9296
196.1 3.0016
196.2 2.52992
196.3 3.0016
196.4 2.52992
196.5 2.95872
196.6 2.52992
196.7 3.17312
196.8 2.3584
196.9 3.25888
197 2.31552
197.1 3.34464
197.2 1.5008
197.3 3.216
197.4 1.54368
197.5 2.91584
197.6 2.40128
197.7 1.58656
197.8 2.44416
197.9 1.97248
198 2.22976
198.1 2.144
198.2 2.44416
198.3 3.30176
198.4 2.27264
198.5 3.38752
198.6 2.144
198.7 3.55904
198.8 2.01536
198.9 3.68768
199 1.88672
199.1 3.77344
199.2 1.7152
199.3 3.4304
199.4 2.10112
199.5 2.70144
199.6 1.88672
199.7 1.84384
199.8 2.65856
199.9 1.88672
